0.000000 0.000000 0.478297 0.000000 0.590490 0.656100 0.729000 0.810000 0.000000 0.000000 0.000000 0.000000 0.000000 0.000000 0.000000 0.000000 0.000000 0.000000 0.000000 0.000000 0.000000 0.000000 0.000000 0.000000 0.000000 0.000000 0.000000 0.000000 0.000000 0.000000 0.000000 0.000000 0.000000 0.000000 0.000000 0.000000 0.000000 0.000000 0.000000 1.000000 0.900000 0.810000 0.729000 0.656100 0.590490 0.531441 0.478297 0.430467 0.387420 0.348678 
0.000000 0.000000 0.000000 0.387421 0.531441 0.478297 0.656100 0.729000 0.810000 0.900000 0.900000 0.900000 0.900000 0.900000 0.900000 0.900000 0.900000 0.900000 0.900000 0.900000 0.900000 0.900000 0.900000 0.900000 0.900000 0.900000 0.900000 0.900000 0.900000 0.900000 0.900000 0.900000 0.900000 0.900000 0.900000 0.900000 0.900000 0.900000 0.900000 0.900000 0.810000 0.729000 0.656100 0.590490 0.531441 0.478297 0.430467 0.387420 0.348678 0.313810 
0.000000 0.000000 0.000000 0.387421 0.430467 0.531441 0.590490 0.656100 0.729000 0.810000 0.810000 0.810000 0.810000 0.810000 0.729000 0.810000 0.810000 0.810000 0.810000 0.810000 0.810000 0.810000 0.810000 0.810000 0.810000 0.810000 0.810000 0.810000 0.810000 0.810000 0.810000 0.810000 0.810000 0.810000 0.810000 0.810000 0.810000 0.810000 0.810000 0.810000 0.729000 0.656100 0.590490 0.531441 0.478297 0.430467 0.387420 0.348678 0.313810 0.282429 
0.000000 0.000000 0.000000 0.000000 0.531441 0.590490 0.656100 0.729000 0.810000 0.900000 0.900000 0.900000 0.900000 0.900000 0.900000 0.900000 0.900000 0.900000 0.900000 0.900000 0.900000 0.900000 0.900000 0.900000 0.900000 0.900000 0.900000 0.900000 0.900000 0.900000 0.900000 0.900000 0.900000 0.900000 0.900000 0.900000 0.900000 0.900000 0.900000 0.900000 0.810000 0.729000 0.656100 0.590490 0.531441 0.478297 0.430467 0.387421 0.282430 0.254186 
0.000000 0.000000 0.313811 0.478297 0.531441 0.590490 0.656100 0.729000 0.000000 0.000000 0.000000 0.000000 0.000000 0.000000 0.000000 0.000000 0.000000 0.000000 0.000000 0.000000 0.000000 0.000000 0.000000 0.000000 0.000000 0.000000 0.000000 0.000000 0.000000 0.000000 0.000000 0.000000 0.000000 0.000000 0.000000 0.000000 0.000000 0.000000 0.000000 1.000000 0.900000 0.810000 0.729000 0.656100 0.590490 0.531441 0.478297 0.348678 0.313810 0.282429 
0.000000 0.000000 0.348678 0.430467 0.478297 0.656100 0.729000 0.810000 0.000000 0.000000 0.000000 0.000000 0.000000 0.000000 0.000000 0.000000 0.000000 0.000000 0.000000 0.000000 0.000000 0.000000 0.000000 0.000000 0.000000 0.000000 0.000000 0.000000 0.000000 0.000000 0.000000 0.000000 0.000000 0.000000 0.000000 0.000000 0.000000 0.000000 0.000000 1.000000 0.900000 0.810000 0.729000 0.656100 0.590490 0.531441 0.478297 0.387420 0.348679 0.313811 
0.000000 0.313810 0.282429 0.430467 0.590490 0.656100 0.729000 0.729000 0.000000 0.000000 0.000000 0.000000 0.000000 0.000000 0.000000 0.000000 0.000000 0.000000 0.000000 0.000000 0.000000 0.000000 0.000000 0.000000 0.000000 0.000000 0.000000 0.000000 0.000000 0.000000 0.000000 0.000000 0.000000 0.000000 0.000000 0.000000 0.000000 0.000000 0.000000 1.000000 0.900000 0.810000 0.729000 0.656100 0.590490 0.531441 0.478297 0.430467 0.387420 0.348678 
0.000000 0.348678 0.387420 0.478297 0.531441 0.590490 0.656100 0.729000 0.810000 0.900000 0.900000 0.900000 0.900000 0.900000 0.900000 0.900000 0.900000 0.900000 0.900000 0.900000 0.900000 0.900000 0.900000 0.900000 0.900000 0.900000 0.900000 0.900000 0.900000 0.900000 0.900000 0.900000 0.900000 0.900000 0.900000 0.900000 0.900000 0.900000 0.900000 0.900000 0.810000 0.729000 0.656100 0.590490 0.531441 0.430467 0.430467 0.387420 0.348678 0.313810 
0.000000 0.387420 0.348678 0.313810 0.531441 0.590490 0.656100 0.729000 0.810000 0.900000 0.900000 0.900000 0.900000 0.900000 0.900000 0.900000 0.900000 0.900000 0.900000 0.900000 0.900000 0.900000 0.900000 0.900000 0.900000 0.900000 0.900000 0.900000 0.900000 0.900000 0.900000 0.900000 0.900000 0.900000 0.900000 0.900000 0.900000 0.900000 0.900000 0.900000 0.810000 0.729000 0.656100 0.590490 0.531441 0.478297 0.430467 0.387420 0.348678 0.313810 
0.000000 0.348678 0.387420 0.478297 0.590490 0.656100 0.729000 0.810000 0.000000 0.000000 0.000000 0.000000 0.000000 0.000000 0.000000 0.000000 0.000000 0.000000 0.000000 0.000000 0.000000 0.000000 0.000000 0.000000 0.000000 0.000000 0.000000 0.000000 0.000000 0.000000 0.000000 0.000000 0.000000 0.000000 0.000000 0.000000 0.000000 0.000000 0.000000 1.000000 0.900000 0.810000 0.729000 0.656100 0.590490 0.531441 0.478297 0.430467 0.387421 0.348679 
0.000000 0.313810 0.348679 0.478297 0.590490 0.656100 0.729000 0.810000 0.000000 0.000000 0.000000 0.000000 0.000000 0.000000 0.000000 0.000000 0.000000 0.000000 0.000000 0.000000 0.000000 0.000000 0.000000 0.000000 0.000000 0.000000 0.000000 0.000000 0.000000 0.000000 0.000000 0.000000 0.000000 0.000000 0.000000 0.000000 0.000000 0.000000 0.000000 1.000000 0.900000 0.810000 0.729000 0.656100 0.590490 0.531441 0.478297 0.430467 0.387420 0.313810 
0.000000 0.000000 0.478297 0.531441 0.531441 0.590490 0.729000 0.810000 0.000000 0.000000 0.000000 0.000000 0.000000 0.000000 0.000000 0.000000 0.000000 0.000000 0.000000 0.000000 0.000000 0.000000 0.000000 0.000000 0.000000 0.000000 0.000000 0.000000 0.000000 0.000000 0.000000 0.000000 0.000000 0.000000 0.000000 0.000000 0.000000 0.000000 0.000000 1.000000 0.900000 0.810000 0.729000 0.656100 0.590490 0.531441 0.478297 0.430467 0.387420 0.348678 
0.000000 0.000000 0.000000 0.430467 0.531441 0.590490 0.656100 0.729000 0.729000 0.900000 0.900000 0.729000 0.900000 0.810000 0.900000 0.900000 0.900000 0.900000 0.810000 0.810000 0.900000 0.900000 0.900000 0.810000 0.900000 0.900000 0.900000 0.900000 0.900000 0.900000 0.810000 0.900000 0.900000 0.900000 0.900000 0.900000 0.900000 0.900000 0.900000 0.900000 0.810000 0.729000 0.656100 0.590490 0.531441 0.478297 0.478297 0.430467 0.387420 0.348679 
0.000000 0.000000 0.000000 0.000000 0.000000 0.000000 0.430467 0.729000 0.810000 0.810000 0.900000 0.900000 0.900000 0.729000 0.656100 0.900000 0.900000 0.900000 0.900000 0.900000 0.900000 0.900000 0.900000 0.900000 0.900000 0.810000 0.900000 0.900000 0.900000 0.900000 0.810000 0.810000 0.900000 0.900000 0.900000 0.900000 0.900000 0.900000 0.900000 0.900000 0.810000 0.729000 0.656100 0.590490 0.531441 0.478297 0.531441 0.478297 0.430467 0.387420 
0.000000 0.000000 0.000000 0.000000 0.000000 0.000000 0.478297 0.000000 0.000000 0.000000 0.000000 0.000000 0.000000 0.000000 0.000000 0.000000 0.000000 0.000000 0.000000 0.000000 0.000000 0.000000 0.000000 0.000000 0.000000 0.000000 0.000000 0.000000 0.000000 0.000000 0.000000 0.000000 0.000000 0.000000 0.000000 0.000000 0.000000 0.000000 0.000000 1.000000 0.900000 0.729000 0.656100 0.590490 0.531441 0.531441 0.590490 0.531441 0.478297 0.430467 
0.000000 0.000000 0.000000 0.000000 0.000000 0.000000 0.531441 0.000000 0.000000 0.000000 0.000000 0.000000 0.000000 0.000000 0.000000 0.000000 0.000000 0.000000 0.000000 0.000000 0.000000 0.000000 0.000000 0.000000 0.000000 0.000000 0.000000 0.000000 0.000000 0.000000 0.000000 0.000000 0.000000 0.000000 0.000000 0.000000 0.000000 0.000000 0.000000 1.000000 0.900000 0.810000 0.729000 0.656100 0.531441 0.590490 0.656100 0.590490 0.531441 0.478297 
0.000000 0.000000 0.000000 0.000000 0.000000 0.000000 0.590490 0.000000 0.000000 0.000000 0.000000 0.000000 0.000000 0.000000 0.000000 0.000000 0.000000 0.000000 0.000000 0.000000 0.000000 0.000000 0.000000 0.000000 0.000000 0.000000 0.000000 0.000000 0.000000 0.000000 0.000000 0.000000 0.000000 0.000000 0.000000 0.000000 0.000000 0.000000 0.000000 1.000000 0.900000 0.810000 0.729000 0.656100 0.590490 0.656100 0.729000 0.656100 0.590490 0.531441 
0.000000 0.000000 0.000000 0.000000 0.000000 0.000000 0.000000 0.729000 0.810000 0.900000 0.810000 0.900000 0.900000 0.900000 0.900000 0.900000 0.900000 0.900000 0.900000 0.810000 0.900000 0.810000 0.810000 0.900000 0.900000 0.900000 0.900000 0.900000 0.900000 0.900000 0.900000 0.900000 0.900000 0.900000 0.900000 0.900000 0.900000 0.900000 0.900000 0.900000 0.810000 0.729000 0.656100 0.590490 0.656100 0.729000 0.810000 0.729000 0.656100 0.590490 
0.000000 0.000000 0.000000 0.000000 0.000000 0.000000 0.000000 0.000000 0.000000 0.000000 0.000000 0.000000 0.000000 0.000000 0.000000 0.000000 0.000000 0.000000 0.000000 0.000000 0.000000 0.000000 0.000000 0.000000 0.000000 0.000000 0.000000 0.000000 0.000000 0.000000 0.000000 0.000000 0.000000 0.000000 0.000000 0.000000 0.000000 0.000000 0.000000 0.000000 0.729000 0.656100 0.590490 0.656100 0.729000 0.810000 0.900000 0.810000 0.729000 0.656100 
0.000000 0.000000 0.000000 0.000000 0.000000 0.000000 0.000000 0.000000 0.000000 0.000000 0.000000 0.000000 0.000000 0.000000 0.000000 0.000000 0.000000 0.000000 0.000000 0.000000 0.000000 0.000000 0.000000 0.000000 0.000000 0.000000 0.000000 0.000000 0.000000 0.000000 0.000000 0.000000 0.000000 0.000000 0.000000 0.000000 0.000000 0.000000 0.000000 0.000000 0.656100 0.590490 0.656100 0.729000 0.810000 0.900000 1.000000 0.900000 0.810000 0.729000 
