0.000000 0.000000 0.000000 0.000000 0.000000 0.000000 0.000000 0.000000 0.000000 0.000000 0.000000 0.000000 0.000000 0.000000 0.000000 0.000000 0.000000 0.000000 0.000000 0.000000 0.000000 0.000000 0.000000 0.000000 0.000000 0.000000 0.000000 0.000000 0.000000 0.000000 0.000000 0.000000 0.000000 0.000000 0.000000 0.000000 0.000000 0.000000 0.000000 0.000000 0.000000 0.000000 0.000000 0.000000 0.000000 0.000000 0.000000 0.000000 0.000000 0.000000 
0.693039 0.578545 0.777822 0.714253 0.642828 0.801631 0.655879 0.675957 0.736117 0.758649 0.633316 0.851458 0.646175 0.789768 0.659294 0.732549 0.813944 0.747423 0.813944 0.762599 0.847332 0.778083 0.847332 0.922744 0.813945 0.904383 0.895338 0.717971 0.725224 0.868746 0.766312 0.639712 0.842943 0.689679 0.751063 0.675957 0.655879 0.728754 0.793614 0.785678 0.777821 0.770043 0.762342 0.686109 0.679248 0.739701 0.652482 0.533849 0.581361 0.645957 
0.578545 0.777822 0.714253 0.596253 0.801630 0.809727 0.743551 0.826167 0.662505 0.696648 0.774053 0.860059 0.789769 0.797747 0.886385 0.710791 0.904382 0.830470 0.922744 0.847332 0.778083 0.864536 0.679475 0.847332 0.762599 0.913517 0.822165 0.739949 0.639712 0.710792 0.689681 0.710791 0.689681 0.766312 0.758650 0.751063 0.817906 0.809727 0.714253 0.721469 0.785678 0.707110 0.623735 0.762342 0.611322 0.679247 0.611322 0.605210 0.659073 0.593165 
0.642828 0.700040 0.642828 0.728755 0.736115 0.817906 0.751063 0.834513 0.766312 0.851458 0.781871 0.789769 0.646175 0.886385 0.797747 0.717972 0.913517 0.922744 0.847332 0.693272 0.950990 0.778082 0.785942 0.762599 0.932065 0.822165 0.739949 0.822165 0.710792 0.789769 0.710792 0.703684 0.781871 0.851458 0.842944 0.626983 0.655879 0.743552 0.669195 0.602275 0.721467 0.649320 0.584389 0.686108 0.762340 0.623735 0.665730 0.739700 0.732303 0.495171 
0.714253 0.793615 0.602278 0.809729 0.590292 0.736115 0.626983 0.696648 0.689681 0.766312 0.868746 0.877521 0.886385 0.895338 0.747423 0.830470 0.747423 0.770302 0.855891 0.770302 0.855891 0.970299 0.873269 0.770302 0.941480 0.770302 0.838858 0.913517 0.822165 0.895339 0.639713 0.877521 0.689681 0.766312 0.774053 0.633316 0.743551 0.669196 0.743551 0.736116 0.649321 0.721468 0.785677 0.584389 0.770041 0.693039 0.623734 0.665730 0.739700 0.605211 
0.721468 0.714253 0.736115 0.662503 0.826169 0.834515 0.766312 0.774053 0.696648 0.774053 0.696648 0.665954 0.739949 0.805804 0.913517 0.762599 0.847332 0.762599 0.770302 0.693272 0.801900 0.891000 0.785942 0.873269 0.847332 0.838858 0.754972 0.922745 0.659295 0.732550 0.813944 0.000000 0.797747 0.868747 0.781871 0.851458 0.682784 0.758649 0.826169 0.728755 0.736116 0.801629 0.793612 0.714251 0.630036 0.623734 0.693038 0.754721 0.561361 0.672457 
0.728756 0.542049 0.728754 0.826168 0.834515 0.766312 0.851458 0.000000 0.000000 0.000000 0.000000 0.000000 0.000000 0.000000 0.000000 0.000000 0.000000 0.000000 0.000000 0.000000 0.000000 0.000000 0.000000 0.000000 0.000000 0.950990 0.941480 0.847332 0.732549 0.813944 0.822165 0.000000 0.703685 0.781872 0.703685 0.766312 0.743552 0.751063 0.728755 0.642828 0.714253 0.721466 0.714251 0.630036 0.700040 0.561361 0.754720 0.679249 0.739700 0.593167 
0.707111 0.649320 0.721467 0.728756 0.751063 0.689681 0.766312 0.000000 0.000000 0.000000 0.000000 0.000000 0.000000 0.000000 0.000000 0.000000 0.000000 0.000000 0.000000 0.000000 0.000000 0.000000 0.000000 0.000000 0.000000 0.855891 0.847332 0.762599 0.830470 0.732550 0.739949 0.000000 0.860058 0.675956 0.766312 0.834514 0.608361 0.817907 0.721468 0.636399 0.642828 0.636399 0.707110 0.567032 0.617497 0.754718 0.679248 0.611323 0.665730 0.587234 
0.636400 0.707111 0.801631 0.721468 0.649321 0.751063 0.675956 0.000000 0.000000 0.000000 0.000000 0.000000 0.000000 0.000000 0.000000 0.000000 0.000000 0.000000 0.000000 0.000000 0.000000 0.000000 0.000000 0.000000 0.000000 0.739949 0.838858 0.913517 0.904382 0.813944 0.805804 0.000000 0.774052 0.751063 0.834514 0.751063 0.675957 0.736116 0.662505 0.642828 0.785678 0.630035 0.770042 0.679247 0.555747 0.679246 0.611321 0.665731 0.599157 0.717730 
0.572760 0.785679 0.707111 0.801631 0.669196 0.675957 0.736116 0.000000 0.000000 0.000000 0.000000 0.000000 0.000000 0.000000 0.000000 0.000000 0.000000 0.000000 0.000000 0.000000 0.000000 0.000000 0.000000 0.000000 0.000000 0.665954 0.813943 0.822165 0.710792 0.789769 0.725224 0.000000 0.696647 0.614504 0.751063 0.728754 0.608361 0.662505 0.721468 0.578545 0.707110 0.623734 0.693038 0.567032 0.500173 0.611321 0.605208 0.599158 0.539242 0.587235 
0.770043 0.707111 0.636400 0.721468 0.649322 0.584389 0.728755 0.000000 0.000000 0.000000 0.000000 0.000000 0.000000 0.000000 0.000000 0.000000 0.000000 0.000000 0.000000 0.000000 0.000000 0.000000 0.000000 0.000000 0.000000 0.913518 0.000000 0.000000 0.886385 0.710792 0.868746 0.860058 0.774052 0.682782 0.834514 0.826168 0.743550 0.721466 0.801631 0.793613 0.785677 0.693039 0.623735 0.762342 0.754718 0.665731 0.739701 0.652484 0.724980 0.652483 
0.693038 0.770043 0.707111 0.636399 0.793615 0.662503 0.809727 0.000000 0.000000 0.000000 0.000000 0.000000 0.000000 0.000000 0.000000 0.000000 0.000000 0.000000 0.000000 0.000000 0.000000 0.000000 0.000000 0.000000 0.000000 0.822166 0.000000 0.000000 0.797747 0.639713 0.781871 0.703684 0.682783 0.758647 0.682782 0.743551 0.669196 0.728753 0.721468 0.714252 0.693040 0.623735 0.520690 0.611324 0.617497 0.555747 0.665731 0.587236 0.652482 0.587234 
0.623734 0.679247 0.623735 0.642828 0.714253 0.793613 0.728754 0.000000 0.000000 0.000000 0.000000 0.000000 0.000000 0.000000 0.000000 0.000000 0.000000 0.000000 0.000000 0.000000 0.000000 0.000000 0.000000 0.000000 0.000000 0.797747 0.000000 0.000000 0.868746 0.781871 0.000000 0.000000 0.000000 0.000000 0.000000 0.000000 0.000000 0.000000 0.000000 0.000000 0.000000 0.000000 0.000000 0.000000 0.000000 0.000000 0.000000 0.000000 0.645958 0.528510 
0.561361 0.611323 0.679248 0.770043 0.642828 0.700039 0.630035 0.714253 0.617498 0.700039 0.630035 0.770043 0.777822 0.785678 0.721467 0.728754 0.809727 0.817907 0.826169 0.743552 0.766312 0.626982 0.860058 0.868746 0.797747 0.805805 0.000000 0.000000 0.781871 0.703684 0.000000 0.000000 0.000000 0.000000 0.000000 0.000000 0.000000 0.000000 0.000000 0.000000 0.000000 0.000000 0.000000 0.000000 0.000000 0.000000 0.000000 0.000000 0.703447 0.633102 
0.739701 0.747172 0.623735 0.679248 0.770043 0.630035 0.785679 0.777821 0.770043 0.561361 0.623735 0.630036 0.700040 0.000000 0.000000 0.000000 0.000000 0.736116 0.743552 0.751061 0.675955 0.553054 0.703684 0.781871 0.717972 0.877521 0.000000 0.000000 0.851458 0.633316 0.000000 0.000000 0.000000 0.000000 0.000000 0.000000 0.000000 0.000000 0.000000 0.000000 0.000000 0.000000 0.000000 0.000000 0.000000 0.000000 0.000000 0.000000 0.633102 0.689449 
0.652482 0.672455 0.665730 0.754719 0.693039 0.623735 0.707111 0.700039 0.630035 0.672455 0.747172 0.567032 0.679248 0.000000 0.000000 0.000000 0.000000 0.662505 0.809727 0.675955 0.826168 0.743551 0.842941 0.703684 0.682784 0.789769 0.000000 0.000000 0.766312 0.689681 0.000000 0.000000 0.000000 0.000000 0.000000 0.000000 0.000000 0.000000 0.000000 0.000000 0.000000 0.000000 0.000000 0.000000 0.000000 0.000000 0.000000 0.000000 0.558454 0.620504 
0.645957 0.665731 0.611322 0.679247 0.611322 0.693039 0.555748 0.679248 0.754720 0.747172 0.659074 0.561361 0.611324 0.000000 0.000000 0.000000 0.000000 0.793614 0.728754 0.608360 0.728753 0.826168 0.758649 0.682784 0.774053 0.696648 0.000000 0.000000 0.834514 0.751063 0.000000 0.000000 0.000000 0.000000 0.000000 0.000000 0.000000 0.000000 0.000000 0.000000 0.000000 0.000000 0.000000 0.000000 0.000000 0.000000 0.000000 0.000000 0.552870 0.558454 
0.581361 0.599158 0.550190 0.672455 0.747172 0.623735 0.762343 0.599157 0.679248 0.611323 0.550192 0.672455 0.747172 0.000000 0.000000 0.000000 0.000000 0.714253 0.721468 0.525950 0.669196 0.614506 0.751063 0.834514 0.696648 0.774053 0.766312 0.675956 0.736116 0.675957 0.000000 0.000000 0.000000 0.000000 0.000000 0.000000 0.000000 0.000000 0.000000 0.000000 0.000000 0.000000 0.000000 0.000000 0.000000 0.000000 0.000000 0.000000 0.675729 0.596054 
0.587234 0.581361 0.659073 0.652481 0.672455 0.605209 0.686109 0.665730 0.599157 0.550191 0.724980 0.732303 0.659073 0.000000 0.000000 0.000000 0.000000 0.642827 0.649321 0.793615 0.801630 0.809727 0.614505 0.751063 0.675956 0.669197 0.758649 0.736116 0.728756 0.608361 0.000000 0.000000 0.000000 0.000000 0.000000 0.000000 0.000000 0.000000 0.000000 0.000000 0.000000 0.000000 0.000000 0.000000 0.000000 0.000000 0.000000 0.000000 0.608156 0.547340 
0.581361 0.645957 0.490220 0.587232 0.732304 0.599158 0.617498 0.587234 0.652482 0.659074 0.581361 0.659073 0.581361 0.739700 0.605210 0.672454 0.762342 0.770043 0.777821 0.714253 0.655879 0.714253 0.655879 0.675956 0.751063 0.834513 0.608360 0.728755 0.809728 0.662504 0.721469 0.636400 0.707111 0.770043 0.762343 0.754720 0.605210 0.672456 0.605210 0.724981 0.639499 0.575549 0.703448 0.620505 0.614300 0.682555 0.497583 0.608157 0.547341 0.596054 
