0.567032 0.642828 0.714253 0.793614 0.649321 0.608361 0.662505 0.736117 0.758649 0.842943 0.626983 0.620713 0.789768 0.877520 0.732550 0.813944 0.904382 0.830470 0.922744 0.847332 0.762599 0.847332 0.762599 0.913517 0.904383 0.895337 0.717971 0.797746 0.689681 0.766312 0.851458 0.682784 0.675956 0.751063 0.675957 0.608361 0.728754 0.655879 0.590291 0.572760 0.636400 0.617498 0.686109 0.679248 0.611322 0.652482 0.724980 0.581361 0.645957 0.000000 
0.642828 0.714253 0.793615 0.714253 0.721468 0.743551 0.826168 0.626983 0.696648 0.774053 0.860059 0.717972 0.797747 0.886385 0.659294 0.805803 0.813943 0.922744 0.847332 0.762599 0.864536 0.762599 0.754972 0.838858 0.813945 0.822165 0.797747 0.886385 0.710791 0.789768 0.710791 0.689681 0.766312 0.689681 0.751063 0.675956 0.608361 0.728756 0.707110 0.623735 0.693039 0.686107 0.762341 0.754720 0.679247 0.672456 0.593166 0.659073 0.581361 0.000000 
0.714253 0.655879 0.728755 0.736115 0.817906 0.751063 0.626983 0.766312 0.703684 0.696648 0.774053 0.710792 0.732550 0.813944 0.904382 0.813944 0.747423 0.770302 0.941480 0.700274 0.778082 0.864536 0.838858 0.932065 0.922744 0.913517 0.822165 0.725224 0.789769 0.877521 0.868746 0.781871 0.689681 0.682785 0.626983 0.736115 0.743552 0.584390 0.649322 0.707110 0.636399 0.572759 0.636400 0.561362 0.611322 0.665730 0.739700 0.593166 0.659073 0.000000 
0.793614 0.567032 0.655880 0.743552 0.751063 0.675956 0.751063 0.626983 0.633316 0.717972 0.710792 0.665954 0.797747 0.747423 0.830470 0.922744 0.770302 0.855891 0.950990 0.873269 0.970299 0.855891 0.950990 0.941480 0.754972 0.838858 0.739949 0.822165 0.710792 0.886385 0.877521 0.689681 0.766312 0.758650 0.766312 0.758650 0.826168 0.743551 0.669196 0.801629 0.721468 0.649321 0.584389 0.567031 0.693039 0.599157 0.679247 0.659073 0.539241 0.000000 
0.662504 0.736115 0.817906 0.655880 0.689681 0.766312 0.774053 0.696647 0.789769 0.797747 0.732550 0.739949 0.822165 0.754972 0.762599 0.847332 0.941480 0.770302 0.693272 0.770302 0.891000 0.970299 0.873269 0.864536 0.838858 0.932065 0.922744 0.739949 0.904381 0.813944 0.732550 0.797747 0.868746 0.781871 0.851458 0.842944 0.758649 0.736116 0.817907 0.736116 0.714253 0.793614 0.700040 0.777820 0.770044 0.693038 0.672455 0.747172 0.672457 0.000000 
0.655879 0.728754 0.826170 0.675957 0.751063 0.851458 0.696648 0.774052 0.696647 0.703684 0.813944 0.904382 0.739949 0.822165 0.932065 0.693272 0.770302 0.855891 0.970299 0.891000 0.990000 0.891000 0.970299 0.960596 0.950990 0.679475 0.830471 0.747424 0.813944 0.822165 0.000000 0.000000 0.781872 0.689681 0.766312 0.743552 0.669197 0.743552 0.809728 0.714253 0.707110 0.714251 0.642826 0.700040 0.762342 0.754718 0.679249 0.659074 0.732305 0.000000 
0.801631 0.669196 0.728756 0.751063 0.834515 0.766312 0.000000 0.000000 0.000000 0.000000 0.000000 0.000000 0.000000 0.000000 0.000000 0.000000 0.000000 0.000000 0.000000 0.000000 0.000000 0.000000 0.000000 0.000000 0.000000 0.847332 0.922744 0.830470 0.805803 0.895337 0.000000 0.000000 0.851458 0.751063 0.743552 0.826169 0.675956 0.721468 0.801631 0.707110 0.578543 0.707110 0.555747 0.630036 0.505226 0.679248 0.611323 0.665730 0.544690 0.000000 
0.707111 0.590292 0.655880 0.817907 0.751063 0.834514 0.000000 0.000000 0.000000 0.000000 0.000000 0.000000 0.000000 0.000000 0.000000 0.000000 0.000000 0.000000 0.000000 0.000000 0.000000 0.000000 0.000000 0.000000 0.000000 0.822165 0.913517 0.732550 0.895338 0.805804 0.000000 0.000000 0.842944 0.675957 0.751063 0.675957 0.736116 0.801631 0.793615 0.578545 0.572759 0.636399 0.679247 0.754719 0.679246 0.611323 0.652483 0.587235 0.539241 0.000000 
0.636400 0.707111 0.649321 0.721469 0.675956 0.826168 0.000000 0.000000 0.000000 0.000000 0.000000 0.000000 0.000000 0.000000 0.000000 0.000000 0.000000 0.000000 0.000000 0.000000 0.000000 0.000000 0.000000 0.000000 0.000000 0.739949 0.822165 0.813944 0.789769 0.725224 0.000000 0.000000 0.675957 0.751063 0.675956 0.809727 0.662505 0.655878 0.636399 0.707110 0.636399 0.693038 0.686108 0.617497 0.599158 0.732304 0.587235 0.581361 0.645957 0.000000 
0.707111 0.623735 0.721468 0.801631 0.596254 0.662505 0.000000 0.000000 0.000000 0.000000 0.000000 0.000000 0.000000 0.000000 0.000000 0.000000 0.000000 0.000000 0.000000 0.000000 0.000000 0.000000 0.000000 0.000000 0.000000 0.805804 0.895338 0.717972 0.781871 0.868746 0.682783 0.758648 0.842942 0.834514 0.826168 0.743550 0.809728 0.801629 0.642827 0.623735 0.693039 0.623735 0.762342 0.754718 0.665731 0.739701 0.652484 0.724981 0.652483 0.000000 
0.770042 0.693039 0.785679 0.642828 0.662503 0.736115 0.000000 0.000000 0.000000 0.000000 0.000000 0.000000 0.000000 0.000000 0.000000 0.000000 0.000000 0.000000 0.000000 0.000000 0.000000 0.000000 0.000000 0.000000 0.000000 0.000000 0.000000 0.000000 0.639713 0.781871 0.774052 0.842942 0.758647 0.736115 0.675956 0.809728 0.801629 0.721468 0.714252 0.707109 0.770043 0.762341 0.686108 0.679246 0.599158 0.665731 0.587234 0.652482 0.587235 0.000000 
0.693039 0.770043 0.642828 0.714253 0.655879 0.728754 0.000000 0.000000 0.000000 0.000000 0.000000 0.000000 0.000000 0.000000 0.000000 0.000000 0.000000 0.000000 0.000000 0.000000 0.000000 0.000000 0.000000 0.000000 0.000000 0.000000 0.000000 0.000000 0.781871 0.703684 0.682783 0.758648 0.682782 0.675956 0.809728 0.714253 0.793614 0.578544 0.642827 0.525950 0.561362 0.611324 0.605209 0.599158 0.665731 0.599158 0.528512 0.587234 0.528511 0.000000 
0.611323 0.679248 0.770044 0.642828 0.714252 0.793613 0.714253 0.777821 0.700039 0.630035 0.515483 0.584388 0.636399 0.721467 0.801630 0.596254 0.662505 0.736116 0.675955 0.751063 0.851458 0.696647 0.717972 0.797747 0.886385 0.000000 0.000000 0.000000 0.703684 0.000000 0.000000 0.000000 0.000000 0.000000 0.000000 0.000000 0.000000 0.000000 0.000000 0.000000 0.000000 0.000000 0.000000 0.000000 0.000000 0.000000 0.000000 0.000000 0.633102 0.000000 
0.561362 0.623736 0.679248 0.623735 0.707111 0.785679 0.630035 0.686109 0.762343 0.567032 0.630036 0.636399 0.707110 0.714253 0.793614 0.662505 0.736116 0.675955 0.751061 0.834512 0.633316 0.703684 0.781871 0.717972 0.877521 0.000000 0.000000 0.000000 0.633316 0.000000 0.000000 0.000000 0.000000 0.000000 0.000000 0.000000 0.000000 0.000000 0.000000 0.000000 0.000000 0.000000 0.000000 0.000000 0.000000 0.000000 0.000000 0.000000 0.558454 0.000000 
0.672455 0.679247 0.754719 0.693039 0.611322 0.707111 0.700039 0.679247 0.754720 0.747172 0.686109 0.762343 0.000000 0.000000 0.000000 0.000000 0.000000 0.655879 0.675955 0.608359 0.758648 0.842942 0.774053 0.860059 0.789769 0.000000 0.000000 0.000000 0.689681 0.000000 0.000000 0.000000 0.000000 0.000000 0.000000 0.000000 0.000000 0.000000 0.000000 0.000000 0.000000 0.000000 0.000000 0.000000 0.000000 0.000000 0.000000 0.000000 0.620504 0.000000 
0.605210 0.739701 0.679247 0.754719 0.679247 0.770043 0.693039 0.672455 0.747172 0.659074 0.679249 0.754721 0.000000 0.000000 0.000000 0.000000 0.000000 0.728754 0.655879 0.743550 0.826167 0.758649 0.842943 0.774053 0.860059 0.000000 0.000000 0.000000 0.751063 0.000000 0.000000 0.000000 0.000000 0.000000 0.000000 0.000000 0.000000 0.000000 0.000000 0.000000 0.000000 0.000000 0.000000 0.000000 0.000000 0.000000 0.000000 0.000000 0.614300 0.000000 
0.495171 0.550190 0.672455 0.747172 0.686109 0.762343 0.599157 0.665730 0.544688 0.605209 0.672455 0.747172 0.000000 0.000000 0.000000 0.000000 0.000000 0.721468 0.801631 0.655878 0.743551 0.682784 0.834514 0.696648 0.851458 0.751063 0.834514 0.751063 0.675957 0.000000 0.000000 0.000000 0.000000 0.000000 0.000000 0.000000 0.000000 0.000000 0.000000 0.000000 0.000000 0.000000 0.000000 0.000000 0.000000 0.000000 0.000000 0.000000 0.596054 0.000000 
0.652482 0.724980 0.652481 0.672455 0.747172 0.686109 0.665730 0.599157 0.665730 0.724981 0.593166 0.659073 0.000000 0.000000 0.000000 0.000000 0.000000 0.714253 0.793614 0.547524 0.608360 0.675956 0.751063 0.675957 0.682784 0.758649 0.826169 0.817907 0.809728 0.000000 0.000000 0.000000 0.000000 0.000000 0.000000 0.000000 0.000000 0.000000 0.000000 0.000000 0.000000 0.000000 0.000000 0.000000 0.000000 0.000000 0.000000 0.000000 0.547340 0.000000 
0.645957 0.717730 0.544688 0.652480 0.505225 0.665731 0.587234 0.652482 0.533850 0.581361 0.659073 0.539241 0.544689 0.617497 0.686108 0.762342 0.525949 0.630035 0.700038 0.655879 0.714253 0.642828 0.675956 0.751063 0.834514 0.682784 0.662504 0.809728 0.662504 0.707111 0.785679 0.707111 0.770043 0.679248 0.754720 0.747173 0.672456 0.605210 0.575549 0.717731 0.710554 0.569793 0.620505 0.689450 0.682555 0.675730 0.596054 0.662282 0.655660 0.000000 
0.569792 0.633102 0.581360 0.659074 0.665729 0.599156 0.665729 0.724979 0.539240 0.523225 0.593166 0.599157 0.605209 0.672455 0.747172 0.686108 0.630035 0.700039 0.642828 0.567032 0.655879 0.728754 0.809727 0.675956 0.751062 0.675956 0.655879 0.728755 0.793614 0.785679 0.777822 0.770043 0.693039 0.623735 0.679248 0.739702 0.652483 0.724981 0.652483 0.710554 0.703448 0.633103 0.614300 0.682555 0.614300 0.492607 0.590094 0.655660 0.536449 0.000000 
