0.770043 0.642828 0.714253 0.642828 0.662503 0.669196 0.675957 0.751063 0.662505 0.751063 0.703684 0.696648 0.789769 0.797747 0.732549 0.646175 0.904382 0.830471 0.747423 0.847332 0.941480 0.864536 0.747423 0.847332 0.762599 0.754972 0.822165 0.725224 0.886384 0.725224 0.717972 0.710791 0.758649 0.766312 0.758650 0.751063 0.675956 0.809727 0.714253 0.707110 0.700039 0.707110 0.700038 0.679248 0.754720 0.679247 0.672456 0.539241 0.659073 0.593166 
0.642828 0.714253 0.793614 0.662504 0.736115 0.675957 0.751063 0.743550 0.766312 0.626983 0.781871 0.789769 0.877521 0.886385 0.813944 0.732550 0.813944 0.922745 0.830470 0.941480 0.770302 0.960596 0.864536 0.838858 0.932065 0.822165 0.739949 0.822165 0.739949 0.805804 0.877520 0.581558 0.710793 0.851458 0.842944 0.834514 0.655879 0.743552 0.809729 0.801632 0.721467 0.649320 0.777820 0.636400 0.561362 0.611322 0.747173 0.611322 0.550190 0.533849 
0.714253 0.793615 0.662503 0.809728 0.743552 0.751063 0.834514 0.696648 0.851458 0.696648 0.868746 0.877521 0.717972 0.797747 0.904382 0.646175 0.762599 0.847332 0.855891 0.770302 0.855891 0.700274 0.873269 0.785942 0.762599 0.754972 0.838858 0.739949 0.822165 0.895338 0.789769 0.633316 0.789770 0.766312 0.774053 0.766312 0.758650 0.826169 0.743550 0.736116 0.602276 0.721468 0.649321 0.584389 0.686106 0.693039 0.623735 0.679247 0.659073 0.539241 
0.721468 0.662504 0.669198 0.662503 0.826169 0.834514 0.766312 0.774053 0.710792 0.717972 0.797747 0.789769 0.739949 0.805804 0.686339 0.747423 0.847332 0.941480 0.950990 0.721710 0.801900 0.891000 0.785942 0.873269 0.785942 0.838858 0.932065 0.762599 0.913517 0.732549 0.739949 0.789769 0.797747 0.703684 0.781871 0.851458 0.842944 0.758649 0.826167 0.817907 0.736116 0.801631 0.630036 0.714251 0.642826 0.770043 0.693038 0.754719 0.550192 0.672457 
0.801631 0.655880 0.728756 0.655879 0.743552 0.766312 0.851458 0.860059 0.774052 0.877521 0.886385 0.813944 0.665954 0.913517 0.822165 0.932065 0.941480 0.847332 0.855891 0.770302 0.891000 0.990000 0.873269 0.801900 0.960596 0.950990 0.693272 0.847332 0.732550 0.672681 0.822165 0.000000 0.868747 0.781872 0.689681 0.766312 0.834514 0.751063 0.728755 0.809728 0.649320 0.721466 0.714251 0.777822 0.700040 0.679246 0.611323 0.679249 0.599157 0.593167 
0.707111 0.636400 0.809727 0.728756 0.751063 0.689681 0.766312 0.000000 0.000000 0.000000 0.000000 0.000000 0.000000 0.000000 0.000000 0.000000 0.000000 0.000000 0.000000 0.000000 0.000000 1.000000 0.000000 0.000000 0.000000 0.855891 0.770302 0.762599 0.830470 0.904382 0.725224 0.000000 0.860058 0.675956 0.766312 0.675956 0.826169 0.817908 0.655879 0.525948 0.793615 0.785678 0.707110 0.555747 0.561362 0.611323 0.679248 0.599157 0.665730 0.724980 
0.785679 0.707111 0.801630 0.721468 0.649321 0.751063 0.689681 0.000000 0.000000 0.000000 0.000000 0.000000 0.000000 0.000000 0.000000 0.000000 0.000000 0.000000 0.000000 0.000000 0.000000 0.000000 0.000000 0.000000 0.000000 0.770302 0.838858 0.739949 0.732550 0.725224 0.805804 0.000000 0.758650 0.696647 0.834514 0.751063 0.662505 0.721468 0.649321 0.642828 0.785678 0.777821 0.623734 0.617497 0.672453 0.679246 0.611321 0.652483 0.533850 0.581361 
0.777820 0.785679 0.721468 0.649321 0.721468 0.675956 0.826169 0.000000 0.000000 0.000000 0.000000 0.000000 0.000000 0.000000 0.000000 0.000000 0.000000 0.000000 0.000000 0.000000 0.000000 0.000000 0.000000 0.000000 0.000000 0.665955 0.830470 0.732550 0.813944 0.789769 0.710792 0.000000 0.696647 0.834514 0.751063 0.675957 0.655879 0.649320 0.721468 0.590290 0.520690 0.700039 0.693038 0.686108 0.747170 0.672453 0.605208 0.724981 0.539242 0.587235 
0.623735 0.707111 0.649321 0.721468 0.801631 0.809729 0.817907 0.000000 0.000000 0.000000 0.000000 0.000000 0.000000 0.000000 0.000000 0.000000 0.000000 0.000000 0.000000 0.000000 0.000000 0.000000 0.000000 0.000000 0.000000 0.672681 0.904381 0.659294 0.886385 0.877521 0.639713 0.000000 0.758649 0.696647 0.834513 0.655879 0.728755 0.721466 0.728753 0.584389 0.714252 0.777821 0.623734 0.762342 0.599158 0.665731 0.544687 0.652483 0.659074 0.652483 
0.693038 0.623735 0.693039 0.636399 0.642827 0.662503 0.809728 0.000000 0.000000 0.000000 0.000000 0.000000 0.000000 0.000000 0.000000 0.000000 0.000000 0.000000 0.000000 0.000000 0.000000 0.000000 0.000000 0.000000 0.000000 0.822166 0.000000 0.000000 0.797747 0.703684 0.781871 0.774052 0.842943 0.758647 0.736115 0.662503 0.809728 0.801629 0.721468 0.590290 0.693039 0.770043 0.679249 0.611321 0.679246 0.599158 0.665731 0.724982 0.652482 0.587234 
0.623734 0.679247 0.770043 0.777822 0.714253 0.793614 0.728754 0.000000 0.000000 0.000000 0.000000 0.000000 0.000000 0.000000 0.000000 0.000000 0.000000 0.000000 0.000000 0.000000 0.000000 0.000000 0.000000 0.000000 0.000000 0.739949 0.000000 0.000000 0.717972 0.781871 0.703684 0.633316 0.758648 0.655880 0.817905 0.655880 0.714253 0.655878 0.649321 0.584389 0.770044 0.762343 0.754721 0.747171 0.555747 0.665731 0.599158 0.539242 0.645958 0.569792 
0.539242 0.754719 0.679248 0.525950 0.642828 0.714252 0.642828 0.000000 0.000000 0.000000 0.000000 0.000000 0.000000 0.000000 0.000000 0.000000 0.000000 0.000000 0.000000 0.000000 0.000000 0.000000 0.000000 0.000000 0.000000 0.886385 0.000000 0.000000 0.781871 0.703684 0.000000 0.000000 0.000000 0.000000 0.000000 0.000000 0.000000 0.000000 0.000000 0.000000 0.000000 0.000000 0.000000 0.000000 0.000000 0.000000 0.000000 0.000000 0.558454 0.633102 
0.587234 0.550191 0.623736 0.679247 0.578545 0.707111 0.785677 0.630035 0.686109 0.617498 0.567032 0.693039 0.623735 0.642828 0.714253 0.584388 0.662504 0.736116 0.675955 0.751061 0.675955 0.669196 0.774052 0.781871 0.717972 0.710792 0.000000 0.000000 0.703684 0.620713 0.000000 0.000000 0.000000 0.000000 0.000000 0.000000 0.000000 0.000000 0.000000 0.000000 0.000000 0.000000 0.000000 0.000000 0.000000 0.000000 0.000000 0.000000 0.620504 0.569792 
0.652482 0.599158 0.665730 0.754719 0.693039 0.636400 0.693040 0.700039 0.630035 0.754719 0.605210 0.567032 0.762344 0.000000 0.000000 0.000000 0.000000 0.662504 0.596254 0.675955 0.682783 0.743551 0.696648 0.774053 0.620713 0.789769 0.000000 0.000000 0.766312 0.689681 0.000000 0.000000 0.000000 0.000000 0.000000 0.000000 0.000000 0.000000 0.000000 0.000000 0.000000 0.000000 0.000000 0.000000 0.000000 0.000000 0.000000 0.000000 0.689449 0.620504 
0.724980 0.665731 0.739700 0.679247 0.754719 0.679247 0.544688 0.679248 0.754719 0.605209 0.672455 0.679249 0.754720 0.000000 0.000000 0.000000 0.000000 0.596254 0.728754 0.669195 0.743551 0.669196 0.758647 0.842943 0.689681 0.696648 0.000000 0.000000 0.675957 0.751063 0.000000 0.000000 0.000000 0.000000 0.000000 0.000000 0.000000 0.000000 0.000000 0.000000 0.000000 0.000000 0.000000 0.000000 0.000000 0.000000 0.000000 0.000000 0.447825 0.614300 
0.717730 0.599158 0.528511 0.672455 0.605210 0.623735 0.617498 0.754720 0.665730 0.672455 0.732304 0.611324 0.605209 0.000000 0.000000 0.000000 0.000000 0.623733 0.721468 0.649321 0.809726 0.743551 0.669196 0.834514 0.766312 0.689681 0.000000 0.000000 0.751063 0.662505 0.000000 0.000000 0.000000 0.000000 0.000000 0.000000 0.000000 0.000000 0.000000 0.000000 0.000000 0.000000 0.000000 0.000000 0.000000 0.000000 0.000000 0.000000 0.497583 0.552870 
0.587234 0.581361 0.587234 0.652481 0.672455 0.747172 0.672455 0.665730 0.739700 0.652483 0.599157 0.605209 0.672455 0.000000 0.000000 0.000000 0.000000 0.642827 0.623733 0.630034 0.649320 0.655879 0.675956 0.751063 0.675957 0.682784 0.743552 0.826169 0.817907 0.608361 0.000000 0.000000 0.000000 0.000000 0.000000 0.000000 0.000000 0.000000 0.000000 0.000000 0.000000 0.000000 0.000000 0.000000 0.000000 0.000000 0.000000 0.000000 0.608156 0.662282 
0.581361 0.645957 0.581361 0.724979 0.593166 0.739699 0.747172 0.739700 0.480464 0.659074 0.652482 0.659073 0.539241 0.000000 0.000000 0.000000 0.000000 0.770041 0.630035 0.700038 0.642828 0.728754 0.655879 0.675957 0.751063 0.834514 0.620713 0.728755 0.809729 0.801631 0.000000 0.000000 0.000000 0.000000 0.000000 0.000000 0.000000 0.000000 0.000000 0.000000 0.000000 0.000000 0.000000 0.000000 0.000000 0.000000 0.000000 0.000000 0.547341 0.482804 
0.512813 0.569792 0.475659 0.581360 0.599156 0.593166 0.599156 0.665729 0.724980 0.593166 0.485317 0.717730 0.599157 0.665730 0.672455 0.561361 0.686108 0.617497 0.700039 0.630035 0.649320 0.793614 0.728754 0.809727 0.675956 0.751062 0.675956 0.809728 0.714253 0.655880 0.785679 0.630036 0.623735 0.693039 0.686109 0.679248 0.599159 0.652483 0.544689 0.639499 0.587235 0.703448 0.633103 0.569793 0.552870 0.614300 0.482804 0.536448 0.492606 0.536449 
0.000000 0.000000 0.000000 0.000000 0.000000 0.000000 0.000000 0.000000 0.000000 0.000000 0.000000 0.000000 0.000000 0.000000 0.000000 0.000000 0.000000 0.000000 0.000000 0.000000 0.000000 0.000000 0.000000 0.000000 0.000000 0.000000 0.000000 0.000000 0.000000 0.000000 0.000000 0.000000 0.000000 0.000000 0.000000 0.000000 0.000000 0.000000 0.000000 0.000000 0.000000 0.000000 0.000000 0.000000 0.000000 0.000000 0.000000 0.000000 0.000000 0.000000 
