0.000000 0.693039 0.770044 0.642827 0.714253 0.721467 0.728754 0.608361 0.817908 0.596254 0.758649 0.682784 0.639713 0.710792 0.789768 0.877520 0.732549 0.813944 0.904382 0.813944 0.762599 0.847332 0.941480 0.847332 0.822165 0.686339 0.679475 0.611527 0.805805 0.797746 0.717971 0.766312 0.639712 0.766310 0.834514 0.751063 0.614506 0.608361 0.728754 0.655879 0.590292 0.707111 0.623735 0.762343 0.686109 0.679248 0.611322 0.652482 0.523225 0.717730 
0.000000 0.623735 0.642828 0.700040 0.793615 0.649321 0.721468 0.547525 0.826168 0.834514 0.682784 0.774053 0.766312 0.789769 0.797747 0.717972 0.895337 0.904381 0.830471 0.732550 0.847332 0.707348 0.864536 0.941480 0.847332 0.838858 0.913517 0.822165 0.739949 0.886385 0.797747 0.789768 0.682784 0.689681 0.766312 0.614506 0.751063 0.675957 0.669197 0.728756 0.707110 0.785678 0.693039 0.700038 0.617498 0.754719 0.679247 0.672456 0.732303 0.659073 
0.000000 0.642828 0.714253 0.793616 0.714254 0.736115 0.728754 0.751063 0.675957 0.766312 0.851457 0.696648 0.789769 0.877521 0.886385 0.797747 0.904382 0.913517 0.693272 0.847332 0.855891 0.770302 0.960596 0.864536 0.778082 0.830470 0.822165 0.913517 0.822165 0.739949 0.789769 0.781871 0.868746 0.682784 0.639714 0.696648 0.626983 0.564285 0.743552 0.669197 0.801630 0.721467 0.649320 0.707111 0.686108 0.617497 0.599157 0.605210 0.611322 0.593166 
0.000000 0.649321 0.596253 0.578545 0.655880 0.675957 0.751063 0.834514 0.696648 0.689681 0.710792 0.639713 0.877521 0.789769 0.895338 0.732549 0.830470 0.922744 0.770302 0.855891 0.950990 0.855891 0.970299 0.855891 0.785942 0.838858 0.739949 0.838858 0.739949 0.822165 0.710792 0.717972 0.877522 0.689681 0.860059 0.703684 0.682785 0.758650 0.826168 0.743551 0.669196 0.662505 0.721468 0.649321 0.584389 0.686106 0.693039 0.623735 0.665730 0.599157 
0.000000 0.721468 0.590292 0.736115 0.662503 0.620713 0.662503 0.766312 0.774053 0.860059 0.774053 0.781871 0.886384 0.797746 0.822165 0.739949 0.762599 0.847332 0.762599 0.770302 0.693272 0.801900 0.873269 0.970299 0.873269 0.785942 0.778083 0.754973 0.762599 0.739949 0.904382 0.813944 0.886385 0.781872 0.868746 0.781871 0.689681 0.842943 0.758649 0.669196 0.817907 0.736116 0.649320 0.793612 0.700040 0.630036 0.770042 0.693038 0.623734 0.747174 
0.000000 0.590291 0.809729 0.728754 0.826170 0.743553 0.766312 0.689681 0.860058 0.774052 0.696647 0.732549 0.813944 0.732550 0.913517 0.822165 0.739949 0.941480 0.950990 0.855891 0.801900 0.891000 0.990000 0.891000 0.864536 0.721710 0.754972 0.941480 0.830471 0.747423 0.913517 0.000000 0.000000 0.774052 0.781872 0.703685 0.766312 0.834514 0.751063 0.675957 0.608361 0.714253 0.721466 0.649319 0.777822 0.686108 0.630036 0.611324 0.679249 0.659074 
0.000000 0.655880 0.801632 0.809729 0.743551 0.751063 0.689681 0.000000 0.000000 0.000000 0.000000 0.000000 0.000000 0.000000 0.000000 0.000000 0.000000 0.000000 0.000000 0.000000 0.000000 0.000000 0.000000 0.000000 0.000000 0.000000 0.855891 0.847332 0.922744 0.830470 0.747423 0.000000 0.000000 0.766312 0.851458 0.751063 0.743552 0.608361 0.649321 0.669197 0.602277 0.707110 0.785678 0.642826 0.515483 0.561362 0.611321 0.679248 0.599157 0.665730 
0.000000 0.785679 0.707111 0.801631 0.721468 0.675956 0.751063 0.000000 0.000000 0.000000 0.000000 0.000000 0.000000 0.000000 0.000000 0.000000 0.000000 0.000000 0.000000 0.000000 0.000000 0.000000 0.000000 0.000000 0.000000 0.000000 0.932065 0.822165 0.754972 0.747423 0.895338 0.000000 0.000000 0.774052 0.751063 0.626982 0.751063 0.675957 0.736116 0.714253 0.584389 0.636399 0.572759 0.623734 0.617497 0.672453 0.679246 0.739701 0.652483 0.587235 
0.000000 0.572760 0.785679 0.707111 0.801632 0.721468 0.743551 0.000000 0.000000 0.000000 0.000000 0.000000 0.000000 0.000000 0.000000 0.000000 0.000000 0.000000 0.000000 0.000000 0.000000 0.000000 0.000000 0.000000 0.000000 0.000000 0.922744 0.830470 0.822165 0.739949 0.789769 0.000000 0.000000 0.696647 0.834514 0.751063 0.728754 0.608361 0.801631 0.655878 0.578544 0.642827 0.700039 0.630035 0.686108 0.747170 0.659074 0.490218 0.599158 0.593167 
0.000000 0.636400 0.707111 0.649321 0.721468 0.649321 0.809728 0.000000 0.000000 0.000000 0.000000 0.000000 0.000000 0.000000 0.000000 0.000000 0.000000 0.000000 0.000000 0.000000 0.000000 0.000000 0.000000 0.000000 0.000000 0.000000 0.725224 0.805804 0.739949 0.665954 0.781871 0.652701 0.860058 0.774052 0.696647 0.743551 0.826167 0.728755 0.655880 0.590292 0.531262 0.578544 0.693039 0.686108 0.617497 0.754718 0.665731 0.599158 0.652483 0.724981 
0.000000 0.693038 0.623735 0.707111 0.785678 0.793615 0.662503 0.000000 0.000000 0.000000 0.000000 0.000000 0.000000 0.000000 0.000000 0.000000 0.000000 0.000000 0.000000 0.000000 0.000000 0.000000 0.000000 0.000000 0.000000 0.000000 0.000000 0.000000 0.000000 0.797747 0.717972 0.781871 0.703684 0.842941 0.758647 0.736115 0.675956 0.721466 0.728753 0.655878 0.649321 0.707109 0.686107 0.617496 0.686108 0.617497 0.555747 0.665731 0.587235 0.652482 
0.000000 0.623735 0.679247 0.770043 0.693039 0.714253 0.655879 0.000000 0.000000 0.000000 0.000000 0.000000 0.000000 0.000000 0.000000 0.000000 0.000000 0.000000 0.000000 0.000000 0.000000 0.000000 0.000000 0.000000 0.000000 0.000000 0.000000 0.000000 0.000000 0.868746 0.781871 0.703684 0.842942 0.758648 0.682783 0.728755 0.669196 0.714253 0.642828 0.649321 0.642827 0.555748 0.617498 0.544688 0.617497 0.739701 0.665731 0.599158 0.717731 0.587234 
0.000000 0.528510 0.754720 0.679248 0.578545 0.777821 0.636400 0.793615 0.714253 0.777821 0.700039 0.630035 0.700040 0.777822 0.785678 0.642827 0.636399 0.809728 0.817907 0.826169 0.834514 0.751063 0.851457 0.766311 0.689680 0.797747 0.000000 0.000000 0.000000 0.781871 0.000000 0.000000 0.000000 0.000000 0.000000 0.000000 0.000000 0.000000 0.000000 0.000000 0.000000 0.000000 0.000000 0.000000 0.000000 0.000000 0.000000 0.000000 0.000000 0.703447 
0.000000 0.672457 0.539242 0.754720 0.693039 0.578545 0.707111 0.636400 0.630035 0.686109 0.630035 0.555748 0.693039 0.686110 0.642828 0.649320 0.584388 0.662505 0.736116 0.743552 0.751061 0.675955 0.696647 0.703684 0.781871 0.717972 0.000000 0.000000 0.000000 0.703684 0.000000 0.000000 0.000000 0.000000 0.000000 0.000000 0.000000 0.000000 0.000000 0.000000 0.000000 0.000000 0.000000 0.000000 0.000000 0.000000 0.000000 0.000000 0.000000 0.620504 
0.000000 0.652482 0.599157 0.679247 0.611322 0.693039 0.770044 0.693040 0.700039 0.679248 0.611323 0.561362 0.611324 0.000000 0.000000 0.000000 0.000000 0.000000 0.662505 0.596254 0.675955 0.826168 0.758648 0.633316 0.758649 0.860059 0.000000 0.000000 0.000000 0.766312 0.000000 0.000000 0.000000 0.000000 0.000000 0.000000 0.000000 0.000000 0.000000 0.000000 0.000000 0.000000 0.000000 0.000000 0.000000 0.000000 0.000000 0.000000 0.000000 0.569792 
0.000000 0.645957 0.605210 0.611322 0.679247 0.754719 0.679247 0.770043 0.630035 0.567032 0.747172 0.659074 0.617498 0.000000 0.000000 0.000000 0.000000 0.000000 0.596254 0.728754 0.655879 0.743551 0.682782 0.758649 0.842943 0.774053 0.000000 0.000000 0.000000 0.834514 0.000000 0.000000 0.000000 0.000000 0.000000 0.000000 0.000000 0.000000 0.000000 0.000000 0.000000 0.000000 0.000000 0.000000 0.000000 0.000000 0.000000 0.000000 0.000000 0.682555 
0.000000 0.581361 0.475660 0.605209 0.611322 0.550190 0.686109 0.500173 0.623735 0.679248 0.672455 0.605209 0.672455 0.000000 0.000000 0.000000 0.000000 0.000000 0.714253 0.721468 0.590290 0.655878 0.743551 0.751063 0.675957 0.766312 0.851458 0.682784 0.675956 0.736116 0.000000 0.000000 0.000000 0.000000 0.000000 0.000000 0.000000 0.000000 0.000000 0.000000 0.000000 0.000000 0.000000 0.000000 0.000000 0.000000 0.000000 0.000000 0.000000 0.614300 
0.000000 0.710553 0.581361 0.523225 0.652481 0.672455 0.605209 0.686109 0.665730 0.739700 0.605209 0.587234 0.732303 0.000000 0.000000 0.000000 0.000000 0.000000 0.693037 0.649321 0.630034 0.578545 0.642827 0.675957 0.751063 0.675956 0.842943 0.743552 0.682784 0.728756 0.000000 0.000000 0.000000 0.000000 0.000000 0.000000 0.000000 0.000000 0.000000 0.000000 0.000000 0.000000 0.000000 0.000000 0.000000 0.000000 0.000000 0.000000 0.000000 0.608156 
0.000000 0.528511 0.645957 0.717728 0.724978 0.732303 0.739701 0.665731 0.587234 0.732304 0.659074 0.652482 0.645957 0.539241 0.544689 0.747171 0.672454 0.617497 0.700039 0.777820 0.700038 0.642828 0.714253 0.655879 0.675956 0.751063 0.675957 0.682784 0.614505 0.736116 0.801632 0.721469 0.785679 0.707111 0.611323 0.679248 0.672456 0.747173 0.672456 0.605210 0.645958 0.639499 0.575549 0.703448 0.633103 0.569793 0.512813 0.675730 0.596054 0.547340 
0.000000 0.696413 0.569792 0.512813 0.593166 0.659074 0.665729 0.739699 0.665729 0.599156 0.593166 0.533850 0.539241 0.544688 0.665730 0.672455 0.561361 0.686108 0.617497 0.700039 0.642828 0.578545 0.655879 0.728754 0.655879 0.675956 0.751062 0.675956 0.608360 0.728755 0.707111 0.636400 0.693039 0.636400 0.693039 0.623735 0.665732 0.739701 0.605210 0.544689 0.652483 0.633103 0.517994 0.633103 0.569793 0.502609 0.614300 0.552870 0.536448 0.531085 
