0.000000 0.000000 0.000000 0.000000 0.000000 0.000000 0.000000 0.000000 0.000000 0.000000 0.000000 0.000000 0.000000 0.000000 0.000000 0.000000 0.000000 0.000000 0.000000 0.000000 0.000000 0.000000 0.000000 0.000000 0.000000 0.000000 0.000000 0.000000 0.000000 0.000000 0.000000 0.000000 0.000000 0.000000 0.000000 0.000000 0.000000 0.000000 0.000000 0.000000 0.000000 0.000000 0.000000 0.000000 0.000000 0.000000 0.000000 0.000000 0.000000 0.000000 
0.000000 0.000000 0.000000 0.000000 0.000000 0.000000 0.000000 0.000000 0.000000 0.002739 0.000000 0.000000 0.000000 0.000000 0.000000 0.000000 0.000000 0.000000 0.000000 0.000000 0.000000 0.000000 0.000000 0.000000 0.000000 0.000000 0.000000 0.000000 0.000000 0.000000 0.000000 0.000000 0.000000 0.000000 0.000000 0.000000 0.000000 0.000000 0.000000 0.000000 0.000000 0.098477 0.088629 0.079766 0.071789 0.064610 0.058149 0.052334 0.047101 0.042392 
0.000000 0.000000 0.000000 0.000000 0.000000 0.001997 0.002739 0.003043 0.002739 0.003043 0.003381 0.003043 0.002739 0.000000 0.000000 0.000000 0.000000 0.000000 0.000000 0.000000 0.000000 0.000000 0.000000 0.000000 0.000000 0.000000 0.000000 0.000000 0.000000 0.000000 0.000000 0.038152 0.042391 0.047102 0.052334 0.058149 0.064610 0.071790 0.079766 0.088629 0.098477 0.109419 0.098477 0.088629 0.079766 0.071789 0.064611 0.058149 0.052334 0.047101 
0.000000 0.000000 0.001997 0.002219 0.002465 0.002739 0.003043 0.003381 0.003757 0.004175 0.003757 0.003381 0.003043 0.000000 0.000000 0.000000 0.000000 0.000000 0.000000 0.000000 0.000000 0.000000 0.000000 0.000000 0.000000 0.000000 0.000000 0.000000 0.000000 0.000000 0.000000 0.042391 0.047101 0.052334 0.058149 0.064610 0.071789 0.079766 0.088629 0.098477 0.109419 0.121576 0.109419 0.098477 0.088629 0.079766 0.071789 0.064610 0.058149 0.052335 
0.000000 0.000000 0.002219 0.002465 0.002739 0.003043 0.003382 0.003757 0.004175 0.004639 0.000000 0.000000 0.000000 0.000000 0.000000 0.000000 0.000000 0.000000 0.000000 0.000000 0.000000 0.000000 0.000000 0.000000 0.000000 0.000000 0.000000 0.000000 0.000000 0.000000 0.000000 0.000000 0.000000 0.000000 0.000000 0.000000 0.000000 0.000000 0.000000 0.000000 0.000000 0.135084 0.121576 0.109419 0.098476 0.088630 0.079767 0.071790 0.064610 0.058149 
0.000000 0.000000 0.001997 0.002219 0.002465 0.003381 0.003757 0.004175 0.004639 0.005154 0.000000 0.000000 0.000000 0.000000 0.000000 0.000000 0.000000 0.000000 0.000000 0.000000 0.000000 0.000000 0.000000 0.000000 0.000000 0.000000 0.000000 0.000000 0.000000 0.000000 0.000000 0.000000 0.000000 0.000000 0.000000 0.000000 0.000000 0.000000 0.000000 0.000000 0.000000 0.150094 0.135085 0.121577 0.109419 0.098476 0.088629 0.079766 0.071790 0.064610 
0.000000 0.000000 0.002739 0.003043 0.003381 0.003757 0.004175 0.004639 0.005154 0.005727 0.000000 0.000000 0.000000 0.000000 0.000000 0.000000 0.000000 0.000000 0.000000 0.000000 0.000000 0.000000 0.000000 0.000000 0.000000 0.000000 0.000000 0.000000 0.000000 0.000000 0.000000 0.000000 0.000000 0.000000 0.000000 0.000000 0.000000 0.000000 0.000000 0.000000 0.000000 0.166771 0.150094 0.135085 0.121577 0.109419 0.098477 0.088629 0.079766 0.071789 
0.000000 0.000000 0.002465 0.002739 0.003043 0.003381 0.003757 0.005154 0.005727 0.006363 0.000000 0.000000 0.000000 0.000000 0.000000 0.000000 0.000000 0.000000 0.000000 0.000000 0.000000 0.000000 0.000000 0.000000 0.000000 0.000000 0.000000 0.000000 0.000000 0.000000 0.000000 0.000000 0.000000 0.000000 0.000000 0.000000 0.000000 0.000000 0.000000 0.000000 0.000000 0.185301 0.166771 0.150094 0.135084 0.121577 0.109418 0.098477 0.088629 0.079766 
0.000000 0.000000 0.002219 0.002465 0.002739 0.003043 0.004175 0.005727 0.006363 0.007070 0.007855 0.008728 0.009698 0.010776 0.011973 0.013303 0.014781 0.016423 0.018248 0.020276 0.022529 0.025032 0.027813 0.030903 0.034337 0.038152 0.042391 0.047101 0.052334 0.058149 0.064610 0.071789 0.079766 0.088629 0.098477 0.109419 0.121577 0.135085 0.150094 0.166771 0.185301 0.205890 0.185301 0.166771 0.150094 0.135085 0.121577 0.109419 0.098477 0.088629 
0.000000 0.000000 0.001997 0.002219 0.002465 0.003381 0.003757 0.005154 0.005727 0.006363 0.000000 0.000000 0.000000 0.000000 0.000000 0.000000 0.000000 0.000000 0.000000 0.000000 0.000000 0.000000 0.000000 0.000000 0.000000 0.000000 0.000000 0.000000 0.000000 0.000000 0.000000 0.000000 0.000000 0.000000 0.000000 0.000000 0.000000 0.000000 0.000000 0.000000 0.000000 0.228767 0.205890 0.185301 0.166771 0.150095 0.135085 0.121577 0.109418 0.098477 
0.000000 0.000000 0.001797 0.001997 0.002739 0.003043 0.003381 0.004639 0.005154 0.005727 0.000000 0.000000 0.000000 0.000000 0.000000 0.000000 0.000000 0.000000 0.000000 0.000000 0.000000 0.000000 0.000000 0.000000 0.000000 0.000000 0.000000 0.000000 0.000000 0.000000 0.000000 0.000000 0.000000 0.000000 0.000000 0.000000 0.000000 0.000000 0.000000 0.000000 0.000000 0.254186 0.228767 0.205890 0.185302 0.166772 0.150095 0.135085 0.121576 0.109419 
0.000000 0.001455 0.001617 0.002219 0.002465 0.002739 0.003757 0.004175 0.004639 0.005154 0.000000 0.000000 0.000000 0.000000 0.000000 0.000000 0.000000 0.000000 0.000000 0.000000 0.000000 0.000000 0.000000 0.000000 0.000000 0.000000 0.000000 0.000000 0.000000 0.000000 0.000000 0.000000 0.000000 0.000000 0.000000 0.000000 0.000000 0.000000 0.000000 0.000000 0.000000 0.282429 0.254186 0.228768 0.205891 0.185302 0.166772 0.150095 0.135085 0.121577 
0.000000 0.001310 0.001455 0.001617 0.002219 0.003043 0.003381 0.003757 0.004175 0.010776 0.000000 0.000000 0.000000 0.000000 0.000000 0.000000 0.000000 0.000000 0.000000 0.000000 0.000000 0.000000 0.000000 0.000000 0.000000 0.000000 0.000000 0.000000 0.000000 0.000000 0.000000 0.000000 0.000000 0.000000 0.000000 0.000000 0.000000 0.000000 0.000000 0.000000 0.000000 0.313810 0.282429 0.254186 0.228767 0.205891 0.185302 0.166772 0.150095 0.135085 
0.000000 0.001179 0.001310 0.001455 0.010777 0.002739 0.003043 0.003381 0.008728 0.014781 0.013303 0.000000 0.000000 0.000000 0.000000 0.000000 0.000000 0.000000 0.000000 0.000000 0.000000 0.000000 0.000000 0.000000 0.058149 0.064610 0.071789 0.079766 0.088629 0.098477 0.109419 0.121577 0.135085 0.150095 0.166772 0.185302 0.205891 0.228767 0.254187 0.282430 0.313810 0.348678 0.313810 0.282429 0.254186 0.228768 0.205891 0.185302 0.166772 0.150095 
0.000000 0.001061 0.001179 0.008729 0.011974 0.008729 0.002739 0.003043 0.011973 0.016423 0.000000 0.000000 0.000000 0.000000 0.000000 0.000000 0.000000 0.000000 0.000000 0.000000 0.000000 0.000000 0.000000 0.000000 0.000000 0.000000 0.000000 0.000000 0.000000 0.000000 0.000000 0.000000 0.000000 0.000000 0.000000 0.000000 0.000000 0.000000 0.000000 0.000000 0.000000 0.387420 0.348678 0.313810 0.282429 0.254186 0.228768 0.205890 0.185302 0.166772 
0.000000 0.000000 0.001061 0.009699 0.013304 0.009699 0.010776 0.018248 0.020276 0.022529 0.000000 0.000000 0.000000 0.000000 0.000000 0.000000 0.000000 0.000000 0.000000 0.000000 0.000000 0.000000 0.000000 0.000000 0.000000 0.000000 0.000000 0.000000 0.000000 0.000000 0.000000 0.000000 0.000000 0.000000 0.000000 0.000000 0.000000 0.000000 0.000000 0.000000 0.000000 0.430467 0.387420 0.348678 0.313810 0.282429 0.254186 0.228767 0.205891 0.185301 
0.000000 0.000000 0.000955 0.013304 0.014782 0.016424 0.018249 0.020276 0.022529 0.025032 0.000000 0.000000 0.000000 0.000000 0.000000 0.000000 0.000000 0.000000 0.000000 0.000000 0.000000 0.000000 0.000000 0.000000 0.000000 0.000000 0.000000 0.000000 0.000000 0.000000 0.000000 0.000000 0.000000 0.000000 0.000000 0.000000 0.000000 0.000000 0.000000 0.000000 0.000000 0.478297 0.430467 0.387420 0.348678 0.313810 0.282429 0.254186 0.228768 0.205891 
0.000000 0.000000 0.008729 0.011974 0.013304 0.014782 0.020276 0.022529 0.025032 0.027813 0.000000 0.000000 0.000000 0.000000 0.000000 0.000000 0.000000 0.000000 0.000000 0.000000 0.000000 0.000000 0.000000 0.000000 0.000000 0.000000 0.000000 0.000000 0.000000 0.000000 0.000000 0.000000 0.000000 0.000000 0.000000 0.000000 0.000000 0.000000 0.000000 0.000000 0.000000 0.531441 0.478297 0.430467 0.387420 0.348678 0.313810 0.282429 0.254187 0.228767 
0.000000 0.000000 0.007856 0.010777 0.014781 0.016423 0.018248 0.020276 0.027813 0.030903 0.034337 0.047101 0.052334 0.058149 0.064610 0.071789 0.079766 0.088629 0.098477 0.109419 0.121577 0.135085 0.150094 0.166771 0.185301 0.205890 0.228767 0.254186 0.282429 0.313810 0.348678 0.387420 0.430467 0.478297 0.531441 0.590490 0.656100 0.729000 0.810000 0.729000 0.656100 0.590490 0.531441 0.478297 0.430467 0.387420 0.348678 0.313810 0.282429 0.254186 
0.000000 0.000000 0.000457 0.009699 0.013303 0.014781 0.016423 0.000000 0.030903 0.000000 0.000000 0.000000 0.000000 0.000000 0.000000 0.000000 0.000000 0.000000 0.000000 0.000000 0.000000 0.000000 0.000000 0.000000 0.000000 0.000000 0.000000 0.000000 0.000000 0.000000 0.000000 0.000000 0.000000 0.000000 0.000000 0.000000 0.000000 0.000000 0.000000 0.000000 0.000000 0.656100 0.590490 0.531441 0.478297 0.430467 0.387420 0.348679 0.313810 0.282430 
