0.282429 0.313810 0.348678 0.387420 0.430467 0.478297 0.531441 0.531441 0.531441 0.531441 0.531441 0.531441 0.531441 0.531441 0.531441 0.531441 0.531441 0.531441 0.531441 0.531441 0.531441 0.531441 0.531441 0.531441 0.478297 0.430467 0.387420 0.348678 0.313810 0.282429 0.282430 0.254186 0.282429 0.282430 0.282430 0.282429 0.254186 0.282430 0.254187 0.228767 0.254186 0.228768 0.254187 0.254187 0.282430 0.282430 0.254187 0.254186 0.228767 0.000000 
0.313811 0.348678 0.387420 0.430467 0.478297 0.531441 0.590490 0.590490 0.590490 0.590490 0.590490 0.590490 0.590490 0.590490 0.590490 0.590490 0.590490 0.590490 0.590490 0.590490 0.590490 0.590490 0.590490 0.590490 0.531441 0.478297 0.430467 0.387421 0.348678 0.313810 0.313811 0.282430 0.282430 0.313810 0.313810 0.313810 0.282429 0.313810 0.313810 0.313811 0.282430 0.254187 0.282430 0.282430 0.313811 0.313811 0.313810 0.282429 0.254186 0.000000 
0.348678 0.387420 0.430467 0.478297 0.531441 0.590490 0.656100 0.656100 0.656100 0.656100 0.656100 0.656100 0.656100 0.656100 0.656100 0.656100 0.656100 0.656100 0.656100 0.656100 0.656100 0.656100 0.656100 0.656100 0.590490 0.531441 0.478297 0.430467 0.387420 0.348678 0.313810 0.348678 0.348678 0.348678 0.348678 0.313811 0.282430 0.348679 0.348678 0.348678 0.348678 0.348679 0.313811 0.282430 0.313811 0.348679 0.313811 0.313810 0.282430 0.000000 
0.387420 0.430467 0.478297 0.531441 0.590490 0.656100 0.729000 0.729000 0.729000 0.729000 0.729000 0.729000 0.729000 0.729000 0.729000 0.729000 0.729000 0.729000 0.729000 0.729000 0.729000 0.729000 0.729000 0.729000 0.656100 0.590490 0.531441 0.478297 0.430467 0.387420 0.387420 0.387420 0.387420 0.387420 0.387420 0.387420 0.387420 0.387420 0.387420 0.387420 0.387420 0.387420 0.387420 0.348679 0.387421 0.348678 0.387420 0.348678 0.313810 0.000000 
0.430467 0.478297 0.531441 0.590490 0.656100 0.729000 0.810000 0.810000 0.810000 0.810000 0.810000 0.810000 0.810000 0.810000 0.810000 0.810000 0.810000 0.810000 0.810000 0.810000 0.810000 0.810000 0.810000 0.810000 0.729000 0.656100 0.590490 0.531441 0.478297 0.430467 0.430467 0.430467 0.430467 0.430467 0.430467 0.430467 0.430467 0.430467 0.430467 0.430467 0.430467 0.430467 0.430467 0.430467 0.430467 0.387420 0.430467 0.387420 0.348679 0.000000 
0.478297 0.531441 0.590490 0.656100 0.729000 0.810000 0.900000 0.900000 0.900000 0.900000 0.900000 0.900000 0.900000 0.900000 0.900000 0.900000 0.900000 0.900000 0.900000 0.900000 0.900000 0.900000 0.900000 0.900000 0.810000 0.729000 0.656100 0.590490 0.531441 0.478297 0.478297 0.478297 0.478297 0.478297 0.478297 0.478297 0.478297 0.478297 0.478297 0.478297 0.478297 0.478297 0.478297 0.478297 0.478297 0.478297 0.478297 0.430467 0.387420 0.000000 
0.531441 0.590490 0.656100 0.729000 0.810000 0.900000 1.000000 0.000000 0.000000 0.000000 0.000000 0.000000 0.000000 0.000000 0.000000 0.000000 0.000000 0.000000 0.000000 0.000000 0.000000 0.000000 0.000000 0.000000 0.000000 0.810000 0.729000 0.656100 0.590490 0.531441 0.531441 0.531441 0.531441 0.531441 0.531441 0.531441 0.531441 0.531441 0.531441 0.531441 0.531441 0.531441 0.531441 0.531441 0.531441 0.531441 0.531441 0.478297 0.430467 0.000000 
0.531441 0.590490 0.656100 0.729000 0.810000 0.900000 1.000000 0.000000 0.000000 0.000000 0.000000 0.000000 0.000000 0.000000 0.000000 0.000000 0.000000 0.000000 0.000000 0.000000 0.000000 0.000000 0.000000 0.000000 0.000000 0.810000 0.729000 0.656100 0.590490 0.590490 0.590490 0.590490 0.590490 0.590490 0.590490 0.590490 0.590490 0.590490 0.590490 0.590490 0.590490 0.590490 0.590490 0.590490 0.590490 0.590490 0.590490 0.531441 0.478297 0.000000 
0.531441 0.590490 0.656100 0.729000 0.810000 0.900000 1.000000 0.000000 0.000000 0.000000 0.000000 0.000000 0.000000 0.000000 0.000000 0.000000 0.000000 0.000000 0.000000 0.000000 0.000000 0.000000 0.000000 0.000000 0.000000 0.810000 0.810000 0.729000 0.656100 0.656100 0.656100 0.656100 0.656100 0.656100 0.656100 0.656100 0.656100 0.656100 0.656100 0.656100 0.656100 0.656100 0.656100 0.656100 0.656100 0.656100 0.656100 0.590490 0.531441 0.000000 
0.478297 0.590490 0.656100 0.729000 0.810000 0.900000 1.000000 0.000000 0.000000 0.000000 0.000000 0.000000 0.000000 0.000000 0.000000 0.000000 0.000000 0.000000 0.000000 0.000000 0.000000 0.000000 0.000000 0.000000 0.000000 0.900000 0.900000 0.810000 0.729000 0.729000 0.729000 0.729000 0.729000 0.729000 0.729000 0.729000 0.729000 0.729000 0.729000 0.729000 0.729000 0.729000 0.729000 0.729000 0.729000 0.729000 0.729000 0.656100 0.590490 0.000000 
0.531441 0.590490 0.656100 0.729000 0.810000 0.900000 1.000000 0.000000 0.000000 0.000000 0.000000 0.000000 0.000000 0.000000 0.000000 0.000000 0.000000 0.000000 0.000000 0.000000 0.000000 0.000000 0.000000 0.000000 0.000000 1.000000 0.000000 0.000000 0.810000 0.810000 0.810000 0.810000 0.810000 0.810000 0.810000 0.810000 0.810000 0.810000 0.810000 0.810000 0.810000 0.810000 0.810000 0.810000 0.810000 0.810000 0.810000 0.729000 0.656100 0.000000 
0.531441 0.590490 0.656100 0.729000 0.810000 0.900000 1.000000 0.000000 0.000000 0.000000 0.000000 0.000000 0.000000 0.000000 0.000000 0.000000 0.000000 0.000000 0.000000 0.000000 0.000000 0.000000 0.000000 0.000000 0.000000 1.000000 0.000000 0.000000 0.810000 0.900000 0.900000 0.900000 0.900000 0.900000 0.900000 0.900000 0.900000 0.900000 0.900000 0.900000 0.900000 0.900000 0.900000 0.900000 0.900000 0.900000 0.900000 0.810000 0.729000 0.000000 
0.478297 0.531441 0.590490 0.656100 0.729000 0.810000 0.900000 0.900000 0.900000 0.900000 0.900000 0.900000 0.900000 0.900000 0.900000 0.900000 0.900000 0.900000 0.900000 0.900000 0.900000 0.900000 0.900000 0.900000 0.900000 1.000000 0.000000 0.000000 0.900000 1.000000 0.000000 0.000000 0.000000 0.000000 0.000000 0.000000 0.000000 0.000000 0.000000 0.000000 0.000000 0.000000 0.000000 0.000000 0.000000 0.000000 0.000000 0.000000 0.810000 0.000000 
0.348678 0.478297 0.531441 0.590490 0.656100 0.729000 0.810000 0.729000 0.810000 0.810000 0.810000 0.810000 0.810000 0.810000 0.810000 0.810000 0.810000 0.810000 0.810000 0.810000 0.810000 0.810000 0.810000 0.810000 0.900000 1.000000 0.000000 0.000000 0.900000 1.000000 0.000000 0.000000 0.000000 0.000000 0.000000 0.000000 0.000000 0.000000 0.000000 0.000000 0.000000 0.000000 0.000000 0.000000 0.000000 0.000000 0.000000 0.000000 0.810000 0.000000 
0.387420 0.430467 0.478297 0.531441 0.590490 0.656100 0.729000 0.656100 0.729000 0.729000 0.729000 0.729000 0.729000 0.729000 0.729000 0.729000 0.729000 0.729000 0.729000 0.729000 0.729000 0.729000 0.729000 0.810000 0.900000 1.000000 0.000000 0.000000 0.900000 1.000000 0.000000 0.000000 0.000000 0.000000 0.000000 0.000000 0.000000 0.000000 0.000000 0.000000 0.000000 0.000000 0.000000 0.000000 0.000000 0.000000 0.000000 0.000000 0.810000 0.000000 
0.348678 0.387420 0.430467 0.478297 0.531441 0.590490 0.656100 0.590490 0.656100 0.656100 0.656100 0.656100 0.656100 0.656100 0.656100 0.656100 0.656100 0.656100 0.656100 0.656100 0.656100 0.656100 0.729000 0.810000 0.900000 1.000000 0.000000 0.000000 0.900000 1.000000 0.000000 0.000000 0.000000 0.000000 0.000000 0.000000 0.000000 0.000000 0.000000 0.000000 0.000000 0.000000 0.000000 0.000000 0.000000 0.000000 0.000000 0.000000 0.810000 0.000000 
0.000000 0.000000 0.387420 0.430467 0.478297 0.531441 0.590490 0.531441 0.590490 0.531441 0.590490 0.590490 0.590490 0.531441 0.590490 0.590490 0.590490 0.590490 0.590490 0.590490 0.590490 0.590490 0.656100 0.729000 0.810000 0.900000 0.900000 0.810000 0.900000 1.000000 0.000000 0.000000 0.000000 0.000000 0.000000 0.000000 0.000000 0.000000 0.000000 0.000000 0.000000 0.000000 0.000000 0.000000 0.000000 0.000000 0.000000 0.000000 0.810000 0.000000 
0.228767 0.313810 0.348678 0.387420 0.430467 0.478297 0.531441 0.478297 0.478297 0.478297 0.531441 0.531441 0.478297 0.531441 0.531441 0.531441 0.531441 0.531441 0.531441 0.531441 0.531441 0.531441 0.590490 0.656100 0.729000 0.810000 0.810000 0.810000 0.900000 1.000000 0.000000 0.000000 0.000000 0.000000 0.000000 0.000000 0.000000 0.000000 0.000000 0.000000 0.000000 0.000000 0.000000 0.000000 0.000000 0.000000 0.000000 0.000000 0.810000 0.000000 
0.000000 0.000000 0.000000 0.000000 0.000000 0.430467 0.478297 0.430467 0.387420 0.430467 0.478297 0.478297 0.478297 0.478297 0.430467 0.478297 0.478297 0.478297 0.478297 0.478297 0.430467 0.478297 0.531441 0.590490 0.656100 0.729000 0.729000 0.729000 0.810000 0.900000 0.900000 0.900000 0.900000 0.900000 0.900000 0.900000 0.900000 0.900000 0.900000 0.900000 0.900000 0.900000 0.900000 0.900000 0.900000 0.900000 0.900000 0.810000 0.729000 0.000000 
0.000000 0.000000 0.000000 0.000000 0.348678 0.387420 0.430467 0.387420 0.387420 0.348678 0.348678 0.387420 0.348678 0.430467 0.387420 0.430467 0.387421 0.430467 0.430467 0.430467 0.430467 0.430467 0.478297 0.531441 0.590490 0.656100 0.656100 0.656100 0.729000 0.810000 0.810000 0.810000 0.810000 0.810000 0.810000 0.810000 0.810000 0.810000 0.810000 0.810000 0.810000 0.810000 0.810000 0.810000 0.810000 0.810000 0.810000 0.729000 0.656100 0.000000 
