df18.c output data

Number of items: 
1

Positions of shelves:
1: (12, 25), (17, 46)
2: (8, 2), (17, 12)
3: (9, 22), (9, 22)
4: (4, 28), (5, 44)
5: (4, 12), (6, 24)

Shopping list:
W, 

Route: 
(19, 17)
(19, 16)
(18, 16)
(17, 16)
(17, 15)
(16, 15)
(16, 16)
(17, 16)
(18, 16)
(19, 16)
(19, 17)
(19, 16)
(18, 16)
(17, 16)
(17, 17)
(17, 18)
(16, 18)
(16, 19)
(16, 20)
(16, 21)
(15, 21)
(14, 21)
(13, 21)
(13, 20)
(14, 20)
(14, 19)
(13, 19)
(12, 19)
(12, 20)
(11, 20)
(11, 19)
(11, 20)
(10, 20)
(9, 20)
(9, 21)
(9, 20)
(8, 20)
(9, 20)
(9, 21)
(10, 21)
(10, 22)
(11, 22)
(12, 22)
(12, 23)
(12, 22)
(12, 21)
(13, 21)
(13, 20)
(12, 20)
(11, 20)
(11, 21)
(11, 22)
(10, 22)
(10, 23)
(9, 23)
(10, 23)
(9, 23)
(9, 24)
(10, 24)
(11, 24)
(11, 25)
(11, 26)
(11, 25)
(11, 26)
(11, 27)
(10, 27)
(9, 27)
(10, 27)
(10, 26)
(10, 27)
(9, 27)
(8, 27)
(7, 27)
(8, 27)
(8, 28)
(8, 27)
(8, 28)
(7, 28)
(8, 28)
(9, 28)
(8, 28)
(8, 27)
(8, 26)
(7, 26)
(6, 26)
(6, 25)
(7, 25)
(7, 26)
(6, 26)
(5, 26)
(5, 25)
(6, 25)
(6, 26)
(7, 26)
(7, 25)
(7, 24)
(8, 24)
(7, 24)
(7, 25)
(7, 26)
(7, 27)
(7, 28)
(7, 29)
(7, 30)
(6, 30)
(6, 29)
(6, 30)
(6, 29)
(6, 28)
(6, 27)
(6, 26)
(7, 26)
(8, 26)
(8, 25)
(8, 24)
(9, 24)
(9, 25)
(8, 25)
(9, 25)
(9, 26)
(9, 25)
(8, 25)
(9, 25)
(9, 26)
(8, 26)
(8, 27)
(8, 26)
(7, 26)
(8, 26)
(8, 27)
(8, 28)
(7, 28)
(8, 28)
(8, 27)
(7, 27)
(7, 28)
(7, 27)
(7, 28)
(6, 28)
(7, 28)
(7, 29)
(7, 28)
(7, 29)
(7, 28)
(8, 28)
(7, 28)
(7, 29)
(7, 28)
(6, 28)
(6, 27)
(5, 27)
(5, 26)
(4, 26)
(3, 26)
(2, 26)
(2, 25)
(1, 25)
(1, 24)
(0, 24)
(1, 24)
(1, 23)
(1, 22)
(1, 23)
(1, 22)
(0, 22)
(0, 23)
(0, 22)
(0, 23)
(0, 24)
(0, 23)
(1, 23)
(2, 23)
(1, 23)
(2, 23)
(2, 22)
(2, 21)
(2, 20)
(3, 20)
(3, 19)
(3, 18)
(2, 18)
(2, 19)
(2, 18)
(3, 18)
(2, 18)
(3, 18)
(3, 17)
(3, 16)
(3, 15)
(2, 15)
(2, 14)
(3, 14)
(3, 15)
(2, 15)
(3, 15)
(3, 14)
(3, 15)
(3, 16)
(3, 15)
(2, 15)
(2, 16)
(3, 16)
(2, 16)
(3, 16)
(3, 17)
(3, 16)
(2, 16)
(2, 15)
(1, 15)
(1, 14)
(2, 14)
(3, 14)
(3, 15)
(2, 15)
(3, 15)
(3, 14)
(3, 15)
(3, 14)
(2, 14)
(2, 13)
(2, 12)
(3, 12)
(3, 13)
(3, 14)
(3, 13)
(3, 14)
(3, 15)
(3, 16)
(3, 15)
(3, 16)
(2, 16)
(2, 15)
(1, 15)
(2, 15)
(3, 15)
(3, 14)
(3, 15)
(2, 15)
(1, 15)
(1, 16)
(2, 16)
(2, 15)
(2, 14)
(2, 13)
(2, 14)
(2, 13)
(2, 14)
(3, 14)
(2, 14)
(1, 14)
(1, 13)
(2, 13)
(3, 13)
(3, 12)
(2, 12)
(1, 12)
(0, 12)
(0, 13)
(0, 12)
(1, 12)
(1, 13)
(1, 12)
(2, 12)
(1, 12)
(1, 13)
(1, 14)
(1, 15)
(1, 16)
(1, 17)
(2, 17)
(2, 16)
(2, 17)
(2, 18)
(3, 18)
(2, 18)
(2, 17)
(1, 17)
(2, 17)
(1, 17)
(0, 17)
(1, 17)
(2, 17)
(2, 16)
(2, 17)
(3, 17)
(3, 16)
(3, 17)
(2, 17)
(3, 17)
(3, 16)
(3, 17)
(3, 18)
(3, 19)
(3, 18)
(3, 17)
(3, 18)
(2, 18)
(3, 18)
(2, 18)
(1, 18)
(2, 18)
(1, 18)
(1, 19)
(1, 20)
(0, 20)
(0, 21)
(0, 20)
(1, 20)
(0, 20)
(0, 19)
(0, 20)
(1, 20)
(1, 21)
(2, 21)
(2, 20)
(2, 19)
(2, 18)
(3, 18)
(3, 19)
(3, 18)
(2, 18)
(2, 19)
(1, 19)
(0, 19)
(1, 19)
(1, 18)
(0, 18)
(0, 17)
(0, 16)
(1, 16)
(1, 17)
(1, 16)
(1, 15)
(0, 15)
(0, 14)
(1, 14)
(1, 15)
(1, 16)
(2, 16)
(1, 16)
(1, 17)
(0, 17)
(0, 16)
(0, 15)
(0, 16)
(1, 16)
(1, 17)
(1, 18)
(0, 18)
(1, 18)
(2, 18)
(3, 18)
(3, 19)
(3, 20)
(3, 21)
(3, 20)
(3, 21)
(2, 21)
(2, 22)
(3, 22)
(3, 21)
(2, 21)
(2, 20)
(2, 19)
(1, 19)
(1, 20)
(1, 21)
(1, 22)
(1, 21)
(1, 22)
(2, 22)
(2, 21)
(1, 21)
(1, 22)
(1, 23)
(1, 22)
(1, 21)
(2, 21)
(2, 20)
(2, 21)
(1, 21)
(1, 22)
(2, 22)
(2, 21)
(3, 21)
(3, 20)
(3, 19)
(3, 18)
(3, 17)
(2, 17)
(2, 18)
(2, 19)
(1, 19)
(2, 19)
(3, 19)
(3, 20)
(2, 20)
(1, 20)
(1, 21)
(0, 21)
(0, 22)
(1, 22)
(1, 21)
(0, 21)
(0, 22)
(1, 22)
(1, 23)
(1, 24)
(1, 23)
(1, 22)
(0, 22)
(0, 23)
(1, 23)
(2, 23)
(2, 24)
(2, 25)
(3, 25)
(3, 24)
(3, 23)
(2, 23)
(2, 24)
(3, 24)
(3, 23)
(3, 22)
(2, 22)
(2, 21)
(2, 20)
(3, 20)
(2, 20)
(2, 21)
(1, 21)
(1, 20)
(1, 21)
(1, 22)
(2, 22)
(2, 21)
(2, 20)
(2, 21)
(3, 21)
(3, 20)
(3, 19)
(3, 20)
(2, 20)
(3, 20)
(2, 20)
(2, 19)
(3, 19)
(3, 18)
(3, 17)
(2, 17)
(2, 18)
(3, 18)
(3, 17)
(3, 16)
(2, 16)
(3, 16)
(2, 16)
(1, 16)
(1, 17)
(1, 18)
(2, 18)
(2, 17)
(1, 17)
(1, 18)
(1, 19)
(1, 18)
(0, 18)
(1, 18)
(0, 18)
(1, 18)
(2, 18)
(2, 17)
(1, 17)
(0, 17)
(1, 17)
(1, 16)
(0, 16)
(0, 15)
(1, 15)
(0, 15)
(0, 16)
(0, 15)
(0, 16)
(1, 16)
(1, 15)
(2, 15)
(2, 14)
(1, 14)
(0, 14)
(0, 13)
(0, 14)
(0, 15)
(0, 16)
(1, 16)
(2, 16)
(2, 15)
(2, 14)
(2, 13)
(2, 14)
(3, 14)
(3, 13)
(2, 13)
(1, 13)
(1, 12)
(2, 12)
(1, 12)
(2, 12)
(2, 11)
(3, 11)
(3, 12)
(3, 13)
(3, 14)
(3, 15)
(3, 14)
(3, 15)
(3, 14)
(2, 14)
(2, 15)
(2, 14)
(1, 14)
(1, 15)
(1, 16)
(2, 16)
(1, 16)
(0, 16)
(0, 17)
(0, 18)
(0, 17)
(0, 18)
(0, 19)
(0, 18)
(0, 17)
(0, 16)
(0, 15)
(1, 15)
(0, 15)
(1, 15)
(2, 15)
(2, 16)
(2, 17)
(1, 17)
(2, 17)
(1, 17)
(0, 17)
(0, 16)
(0, 15)
(0, 16)
(0, 15)
(0, 16)
(0, 17)
(0, 18)
(0, 17)
(1, 17)
(2, 17)
(1, 17)
(1, 18)
(1, 19)
(2, 19)
(2, 20)
(3, 20)
(3, 19)
(2, 19)
(1, 19)
(0, 19)
(0, 20)
(0, 19)
(1, 19)
(1, 20)
(2, 20)
(2, 21)
(2, 22)
(2, 21)
(3, 21)
(2, 21)
(2, 20)
(1, 20)
(1, 21)
(1, 22)
(0, 22)
(1, 22)
(0, 22)
(1, 22)
(0, 22)
(0, 23)
(0, 22)
(0, 21)
(1, 21)
(2, 21)
(2, 20)
(3, 20)
(2, 20)
(3, 20)
(3, 21)
(3, 20)
(2, 20)
(1, 20)
(1, 21)
(1, 20)
(2, 20)
(2, 21)
(3, 21)
(3, 20)
(3, 19)
(3, 20)
(3, 19)
(3, 18)
(3, 19)
(2, 19)
(2, 18)
(3, 18)
(3, 17)
(2, 17)
(2, 18)
(2, 19)
(3, 19)
(3, 18)
(3, 19)
(2, 19)
(2, 20)
(1, 20)
(0, 20)
(0, 21)
(0, 22)
(1, 22)
(2, 22)
(3, 22)
(3, 23)
(3, 24)
(2, 24)
(3, 24)
(3, 25)
(3, 24)
(3, 23)
(3, 22)
(3, 21)
(3, 22)
(2, 22)
(2, 23)
(2, 22)
(2, 23)
(2, 22)
(2, 21)
(2, 20)
(1, 20)
(0, 20)
(0, 19)
(0, 20)
(0, 19)
(0, 20)
(0, 21)
(0, 22)
(0, 21)
(0, 20)
(1, 20)
(0, 20)
(0, 21)
(1, 21)
(2, 21)
(2, 20)
(3, 20)
(3, 21)
(2, 21)
(1, 21)
(0, 21)
(0, 22)
(0, 23)
(0, 22)
(1, 22)
(1, 23)
(2, 23)
(2, 24)
(2, 25)
(3, 25)
(2, 25)
(2, 26)
(2, 25)
(2, 24)
(3, 24)
(2, 24)
(2, 25)
(2, 26)
(1, 26)
(1, 25)
(2, 25)
(2, 26)
(3, 26)
(2, 26)
(1, 26)
(0, 26)
(1, 26)
(1, 25)
(1, 26)
(1, 25)
(1, 24)
(1, 25)
(0, 25)
(0, 26)
(1, 26)
(1, 27)
(1, 26)
(0, 26)
(1, 26)
(2, 26)
(1, 26)
(1, 25)
(1, 26)
(0, 26)
(0, 27)
(1, 27)
(1, 28)
(1, 27)
(2, 27)
(1, 27)
(1, 28)
(1, 27)
(2, 27)
(2, 28)
(1, 28)
(2, 28)
(1, 28)
(1, 27)
(0, 27)
(0, 26)
(1, 26)
(1, 27)
(1, 26)
(2, 26)
(3, 26)
(3, 27)
(2, 27)
(3, 27)
(3, 28)
(2, 28)
(3, 28)
(3, 29)
(3, 28)
(3, 27)
(3, 26)
(4, 26)
(4, 27)
(4, 26)
(4, 25)
(4, 26)
(5, 26)
(5, 27)
(4, 27)
(3, 27)
(2, 27)
(1, 27)
(2, 27)
(3, 27)
(3, 26)
(2, 26)
(1, 26)
(0, 26)
(1, 26)
(2, 26)
(2, 25)
(3, 25)
(2, 25)
(2, 26)
(1, 26)
(2, 26)
(1, 26)
(1, 25)
(1, 26)
(1, 25)
(1, 26)
(0, 26)
(1, 26)
(2, 26)
(3, 26)
(3, 25)
(3, 24)
(3, 23)
(2, 23)
(2, 22)
(2, 21)
(1, 21)
(1, 22)
(1, 23)
(1, 22)
(1, 23)
(2, 23)
(1, 23)
(2, 23)
(1, 23)
(2, 23)
(2, 24)
(2, 23)
(3, 23)
(3, 22)
(2, 22)
(3, 22)
(3, 23)
(3, 24)
(3, 23)
(3, 24)
(2, 24)
(2, 25)
(1, 25)
(1, 24)
(0, 24)
(0, 23)
(0, 22)
(1, 22)
(0, 22)
(1, 22)
(2, 22)
(1, 22)
(0, 22)
(1, 22)
(2, 22)
(2, 23)
(2, 24)
(1, 24)
(1, 23)
(0, 23)
(0, 24)
(0, 23)
(0, 24)
(0, 23)
(1, 23)
(2, 23)
(2, 22)
(1, 22)
(2, 22)
(3, 22)
(2, 22)
(2, 23)
(3, 23)
(2, 23)
(1, 23)
(1, 22)
(0, 22)
(0, 21)
(1, 21)
(2, 21)
(2, 20)
(3, 20)
(2, 20)
(2, 21)
(2, 20)
(3, 20)
(3, 21)
(3, 22)
(2, 22)
(2, 23)
(3, 23)
(3, 22)
(2, 22)
(1, 22)
(2, 22)
(1, 22)
(1, 21)
(0, 21)
(0, 20)
(1, 20)
(1, 21)
(0, 21)
(0, 22)
(0, 21)
(1, 21)
(0, 21)
(1, 21)
(1, 20)
(1, 21)
(1, 22)
(1, 23)
(2, 23)
(1, 23)
(1, 22)
(1, 21)
(0, 21)
(0, 22)
(0, 23)
(0, 22)
(0, 23)
(0, 24)
(0, 25)
(0, 26)
(0, 27)
(0, 28)
(0, 29)
(1, 29)
(1, 30)
(2, 30)
(2, 29)
(3, 29)
(3, 28)
(2, 28)
(2, 27)
(1, 27)
(1, 26)
(0, 26)
(1, 26)
(0, 26)
(1, 26)
(2, 26)
(1, 26)
(1, 27)
(2, 27)
(2, 28)
(3, 28)
(3, 29)
(2, 29)
(3, 29)
(3, 28)
(2, 28)
(2, 27)
(1, 27)
(1, 28)
(0, 28)
(1, 28)
(1, 27)
(2, 27)
(2, 28)
(2, 29)
(3, 29)
(2, 29)
(2, 30)
(2, 31)
(1, 31)
(1, 32)
(2, 32)
(3, 32)
(3, 33)
(2, 33)
(1, 33)
(1, 34)
(2, 34)
(3, 34)
(2, 34)
(2, 33)
(1, 33)
(0, 33)
(0, 34)
(0, 33)
(0, 34)
(0, 35)
(1, 35)
(1, 36)
(2, 36)
(2, 37)
(2, 36)
(1, 36)
(2, 36)
(2, 37)
(1, 37)
(0, 37)
(0, 36)
(0, 37)
(0, 38)
(0, 37)
(1, 37)
(1, 38)
(1, 37)
(0, 37)
(0, 36)
(1, 36)
(2, 36)
(1, 36)
(1, 37)
(1, 36)
(0, 36)
(0, 35)
(1, 35)
(1, 36)
(0, 36)
(1, 36)
(0, 36)
(0, 37)
(0, 38)
(0, 39)
(0, 40)
(1, 40)
(1, 41)
(0, 41)
(0, 42)
(0, 43)
(0, 44)
(1, 44)
(0, 44)
(0, 43)
(0, 42)
(0, 41)
(0, 40)
(1, 40)
(2, 40)
(2, 39)
(2, 38)
(2, 39)
(2, 38)
(3, 38)
(3, 37)
(3, 38)
(3, 39)
(3, 38)
(3, 37)
(2, 37)
(1, 37)
(2, 37)
(3, 37)
(3, 38)
(3, 37)
(3, 36)
(3, 37)
(3, 36)
(3, 35)
(2, 35)
(2, 34)
(3, 34)
(3, 33)
(3, 34)
(2, 34)
(3, 34)
(2, 34)
(2, 35)
(3, 35)
(3, 34)
(3, 35)
(3, 34)
(3, 35)
(3, 34)
(2, 34)
(2, 35)
(3, 35)
(3, 36)
(3, 37)
(3, 36)
(3, 35)
(3, 34)
(3, 35)
(3, 34)
(3, 33)
(2, 33)
(3, 33)
(3, 32)
(3, 31)
(2, 31)
(2, 30)
(1, 30)
(1, 31)
(1, 32)
(1, 33)
(2, 33)
(2, 32)
(1, 32)
(1, 31)
(2, 31)
(2, 32)
(3, 32)
(2, 32)
(2, 33)
(2, 32)
(3, 32)
(3, 33)
(3, 34)
(2, 34)
(2, 33)
(1, 33)
(1, 32)
(1, 31)
(2, 31)
(2, 30)
(2, 29)
(2, 28)
(3, 28)
(3, 27)
(2, 27)
(2, 26)
(1, 26)
(2, 26)
(2, 25)
(1, 25)
(2, 25)
(2, 26)
(3, 26)
(2, 26)
(1, 26)
(0, 26)
(0, 27)
(0, 28)
(0, 27)
(0, 26)
(1, 26)
(1, 27)
(0, 27)
(0, 26)
(0, 27)
(1, 27)
(1, 26)
(1, 25)
(1, 26)
(2, 26)
(3, 26)
(3, 25)
(4, 25)
(5, 25)
(6, 25)
(6, 26)
(7, 26)
(7, 25)
(7, 24)
(7, 23)
(7, 24)
(7, 23)
(7, 22)
(7, 23)
(7, 24)
(7, 23)
(7, 24)
(7, 23)
(7, 24)
(7, 25)
(7, 26)
(6, 26)
(5, 26)
(5, 25)
(6, 25)
(6, 26)
(6, 27)
(6, 28)
(6, 27)
(7, 27)
(7, 26)
(8, 26)
(8, 27)
(8, 26)
(8, 25)
(8, 26)
(9, 26)
(9, 27)
(9, 28)
(9, 27)
(10, 27)
(10, 28)
(11, 28)
(11, 29)
(11, 28)
(11, 27)
(11, 26)
(10, 26)
(9, 26)
(10, 26)
(10, 25)
(10, 24)
(9, 24)
(8, 24)
(7, 24)
(8, 24)
(8, 23)
(8, 22)
(8, 23)
(9, 23)
(8, 23)
(7, 23)
(7, 24)
(7, 25)
(7, 24)
(8, 24)
(8, 23)
(9, 23)
(9, 24)
(8, 24)
(7, 24)
(7, 23)
(7, 22)
(7, 21)
(7, 22)
(8, 22)
(7, 22)

Cart:
W -> 

Steps: 
1171

00000000000011111111111111111100011111111111100000
00000000000011111111111111111111111111101100100000
00000000000111111111111111111111111111111000000000
00000000000111111111111111111101111111110000000000
000000000000PFZMYHJDXFGNT111XTATZGVRHVDOWCNOK00000
000000000000S           U111HTAHICLIBRQYKRVFR00000
000000000000OSDZWOHYHXWSQ1111110000000000000000000
00000000000000000000011111111110000000000000000000
00CGVZIVORBZB0000000101111111000000000000000000000
00W         G000000011Z111111000000000000000000000
00F         B0000000111111111000000000000000000000
00S         Z0000001111011111100000000000000000000
00A         J000000111110CNVTKCQRGLXWIVSCPVOZJU000
00H         Y000000111000T                    H000
00Z         X000000111000U                    C000
00S         I000000001000Z                    P000
00R         D001101111000G                    G000
00NAPCEXXDIUT001111000000JITHEFJUXRHWOQTISLDIKO000
00000000000000001000000000000000000000000000000000
00000000000000001100000000000000000000000000000000
