df18.c output data

Number of items: 
3

Positions of shelves:
1: (2, 17), (13, 42)
2: (6, 5), (12, 13)
3: (16, 43), (17, 45)
4: (15, 6), (16, 9)
5: (16, 15), (17, 16)

Shopping list:
W, D, M, 

Route: 
(7, 44)
(6, 44)
(6, 45)
(6, 46)
(7, 46)
(8, 46)
(7, 46)
(6, 46)
(5, 46)
(5, 45)
(5, 44)
(5, 43)
(5, 44)
(6, 44)
(6, 45)
(6, 46)
(6, 45)
(6, 44)
(7, 44)
(7, 45)
(7, 46)
(7, 45)
(8, 45)
(9, 45)
(8, 45)
(9, 45)
(9, 46)
(9, 45)
(9, 46)
(9, 47)
(9, 48)
(10, 48)
(9, 48)
(9, 47)
(9, 46)
(8, 46)
(8, 45)
(9, 45)
(9, 44)
(10, 44)
(10, 45)
(11, 45)
(11, 46)
(11, 45)
(10, 45)
(11, 45)
(10, 45)
(10, 44)
(11, 44)
(12, 44)
(12, 45)
(12, 44)
(13, 44)
(13, 43)
(13, 44)
(14, 44)
(14, 45)
(15, 45)
(14, 45)
(14, 44)
(14, 45)
(13, 45)
(14, 45)
(13, 45)
(12, 45)
(13, 45)
(14, 45)
(14, 44)
(13, 44)
(12, 44)
(12, 45)
(13, 45)
(13, 44)
(14, 44)
(13, 44)
(13, 43)
(13, 44)
(14, 44)
(14, 45)
(15, 45)
(15, 44)
(15, 45)
(15, 44)
(15, 43)
(14, 43)
(14, 44)
(15, 44)
(15, 43)
(15, 44)
(15, 43)
(15, 44)
(15, 45)
(14, 45)
(14, 46)
(15, 46)
(16, 46)
(15, 46)
(14, 46)
(15, 46)
(15, 45)
(15, 46)
(14, 46)
(13, 46)
(13, 45)
(12, 45)
(13, 45)
(14, 45)
(15, 45)
(15, 46)
(14, 46)
(15, 46)
(16, 46)
(17, 46)
(17, 47)
(17, 48)
(16, 48)
(17, 48)
(17, 47)
(18, 47)
(19, 47)
(18, 47)
(18, 46)
(19, 46)
(19, 47)
(18, 47)
(18, 48)
(19, 48)
(18, 48)
(17, 48)
(17, 47)
(17, 48)
(17, 49)
(18, 49)
(18, 48)
(18, 49)
(18, 48)
(17, 48)
(17, 49)
(18, 49)
(17, 49)
(18, 49)
(18, 48)
(17, 48)
(16, 48)
(16, 47)
(16, 46)
(17, 46)
(18, 46)
(17, 46)
(17, 47)
(16, 47)
(15, 47)
(16, 47)
(16, 46)
(17, 46)
(16, 46)
(15, 46)
(15, 47)
(15, 48)
(15, 47)
(16, 47)
(15, 47)
(15, 46)
(15, 45)
(15, 46)
(16, 46)
(16, 47)
(15, 47)
(15, 46)
(14, 46)
(14, 45)
(15, 45)
(14, 45)
(14, 46)
(15, 46)
(15, 47)
(16, 47)
(16, 46)
(16, 47)
(17, 47)
(18, 47)
(17, 47)
(16, 47)
(17, 47)
(17, 48)
(17, 49)
(17, 48)
(16, 48)
(16, 47)
(16, 46)
(15, 46)
(15, 45)
(14, 45)
(15, 45)
(15, 44)
(15, 43)
(15, 42)
(14, 42)
(14, 43)
(14, 44)
(13, 44)
(13, 43)
(13, 44)
(13, 45)
(14, 45)
(13, 45)
(14, 45)
(13, 45)
(13, 44)
(14, 44)
(14, 45)
(14, 46)
(14, 45)
(15, 45)
(15, 46)
(14, 46)
(15, 46)
(14, 46)
(13, 46)
(13, 47)
(13, 48)
(14, 48)
(14, 47)
(13, 47)
(13, 48)
(14, 48)
(14, 47)
(14, 48)
(14, 47)
(13, 47)
(13, 48)
(14, 48)
(13, 48)
(14, 48)
(14, 47)
(15, 47)
(15, 46)
(15, 47)
(15, 46)
(16, 46)
(15, 46)
(14, 46)
(14, 45)
(14, 44)
(15, 44)
(14, 44)
(14, 43)
(13, 43)
(13, 44)
(13, 43)
(13, 44)
(14, 44)
(14, 45)
(14, 46)
(15, 46)
(15, 45)
(15, 44)
(14, 44)
(15, 44)
(15, 45)
(14, 45)
(13, 45)
(13, 46)
(13, 45)
(14, 45)
(13, 45)
(13, 46)
(14, 46)
(13, 46)
(13, 47)
(13, 48)
(14, 48)
(14, 49)
(14, 48)
(15, 48)
(14, 48)
(13, 48)
(12, 48)
(13, 48)
(13, 49)
(13, 48)
(13, 49)
(12, 49)
(12, 48)
(12, 47)
(12, 46)
(11, 46)
(12, 46)
(11, 46)
(10, 46)
(10, 45)
(10, 44)
(11, 44)
(11, 43)
(11, 44)
(10, 44)
(10, 43)
(11, 43)
(12, 43)
(12, 44)
(12, 43)
(11, 43)
(12, 43)
(12, 44)
(13, 44)
(13, 45)
(14, 45)
(14, 46)
(15, 46)
(15, 45)
(14, 45)
(15, 45)
(15, 44)
(14, 44)
(14, 43)
(15, 43)
(15, 42)
(15, 41)
(15, 42)
(16, 42)
(15, 42)
(15, 43)
(15, 44)
(15, 43)
(15, 44)
(15, 43)
(15, 42)
(16, 42)
(15, 42)
(16, 42)
(16, 41)
(17, 41)
(17, 40)
(18, 40)
(18, 41)
(19, 41)
(19, 40)
(18, 40)
(18, 41)
(18, 42)
(17, 42)
(16, 42)
(16, 41)
(15, 41)
(15, 42)
(15, 43)
(14, 43)
(15, 43)
(14, 43)
(14, 42)
(14, 41)
(14, 40)
(15, 40)
(15, 39)
(15, 40)
(16, 40)
(17, 40)
(16, 40)
(15, 40)
(15, 39)
(16, 39)
(17, 39)
(17, 38)
(18, 38)
(18, 37)
(17, 37)
(18, 37)
(17, 37)
(16, 37)
(16, 38)
(15, 38)
(15, 39)
(16, 39)
(15, 39)
(14, 39)
(15, 39)
(16, 39)
(16, 40)
(17, 40)
(18, 40)
(17, 40)
(17, 41)
(17, 42)
(16, 42)
(17, 42)
(17, 41)
(18, 41)
(19, 41)
(19, 40)
(19, 41)
(19, 42)
(19, 43)
(18, 43)
(18, 42)
(17, 42)
(18, 42)
(18, 43)
(18, 44)
(18, 43)
(18, 44)
(18, 43)
(19, 43)
(19, 42)
(18, 42)
(18, 43)
(18, 42)
(19, 42)
(19, 41)
(18, 41)
(18, 40)
(17, 40)
(16, 40)
(16, 41)
(16, 40)
(17, 40)
(16, 40)
(17, 40)
(17, 39)
(17, 40)
(17, 39)
(16, 39)
(15, 39)
(14, 39)
(14, 40)
(15, 40)
(15, 41)
(16, 41)
(17, 41)
(18, 41)
(18, 42)
(17, 42)
(16, 42)
(15, 42)
(16, 42)
(17, 42)
(17, 41)
(17, 42)
(18, 42)
(18, 41)
(18, 42)
(19, 42)
(18, 42)
(18, 43)
(18, 42)
(18, 41)
(18, 42)
(18, 41)
(18, 40)
(19, 40)
(19, 39)
(18, 39)
(17, 39)
(16, 39)
(16, 38)
(17, 38)
(18, 38)
(17, 38)
(18, 38)
(18, 37)
(18, 38)
(18, 39)
(17, 39)
(18, 39)
(18, 38)
(18, 37)
(18, 36)
(18, 37)
(19, 37)
(19, 38)
(19, 37)
(19, 36)
(19, 35)
(19, 34)
(19, 35)
(19, 36)
(18, 36)
(19, 36)
(19, 35)
(19, 34)
(19, 33)
(19, 32)
(19, 33)
(18, 33)
(18, 34)
(18, 33)
(18, 34)
(18, 35)
(18, 36)
(17, 36)
(16, 36)
(16, 37)
(16, 38)
(16, 37)
(17, 37)
(16, 37)
(17, 37)
(16, 37)
(16, 36)
(16, 37)
(16, 38)
(17, 38)
(18, 38)
(19, 38)
(18, 38)
(18, 39)
(18, 40)
(19, 40)
(19, 41)
(19, 42)
(18, 42)
(18, 41)
(18, 40)
(19, 40)
(19, 39)
(18, 39)
(18, 40)
(18, 41)
(18, 42)
(19, 42)
(19, 43)
(19, 44)
(19, 43)
(19, 42)
(18, 42)
(18, 43)
(18, 42)
(19, 42)
(19, 43)
(19, 42)
(18, 42)
(18, 41)
(18, 42)
(19, 42)
(19, 43)
(19, 44)
(18, 44)
(19, 44)
(19, 43)
(19, 44)
(19, 43)
(19, 42)
(18, 42)
(19, 42)
(19, 43)
(19, 42)
(18, 42)
(18, 41)
(18, 42)
(19, 42)
(19, 43)
(18, 43)
(18, 44)
(18, 45)
(19, 45)
(18, 45)
(18, 44)
(18, 43)
(19, 43)
(18, 43)
(19, 43)
(19, 42)
(19, 43)
(19, 44)
(19, 43)
(19, 44)
(18, 44)
(18, 43)
(19, 43)
(19, 42)
(18, 42)
(18, 41)
(19, 41)
(19, 42)
(19, 43)
(19, 42)
(18, 42)
(17, 42)
(17, 41)
(16, 41)
(16, 40)
(17, 40)
(16, 40)
(17, 40)
(17, 39)
(17, 38)
(17, 39)
(16, 39)
(16, 40)
(16, 39)
(16, 40)
(16, 41)
(16, 42)
(17, 42)
(16, 42)
(15, 42)
(15, 41)
(15, 40)
(14, 40)
(14, 39)
(14, 40)
(15, 40)
(14, 40)
(14, 39)
(14, 40)
(15, 40)
(15, 41)
(15, 40)
(14, 40)
(15, 40)
(15, 41)
(15, 40)
(15, 41)
(15, 40)
(14, 40)
(15, 40)
(16, 40)
(16, 41)
(16, 40)
(16, 39)
(16, 38)
(15, 38)
(14, 38)
(14, 37)
(14, 36)
(15, 36)
(15, 37)
(16, 37)
(16, 36)
(17, 36)
(18, 36)
(19, 36)
(19, 35)
(18, 35)
(17, 35)
(17, 36)
(16, 36)
(17, 36)
(17, 35)
(16, 35)
(16, 34)
(17, 34)
(16, 34)
(17, 34)
(16, 34)
(16, 35)
(16, 36)
(15, 36)
(15, 37)
(15, 38)
(14, 38)
(14, 39)
(14, 38)
(15, 38)
(16, 38)
(17, 38)
(16, 38)
(15, 38)
(14, 38)
(14, 37)
(15, 37)
(14, 37)
(14, 36)
(14, 37)
(15, 37)
(15, 36)
(15, 37)
(15, 38)
(15, 39)
(15, 40)
(15, 39)
(15, 40)
(16, 40)
(16, 41)
(16, 42)
(16, 41)
(17, 41)
(18, 41)
(17, 41)
(17, 40)
(18, 40)
(17, 40)
(17, 39)
(16, 39)
(16, 38)
(16, 39)
(15, 39)
(15, 38)
(16, 38)
(16, 37)
(17, 37)
(18, 37)
(18, 36)
(19, 36)
(19, 35)
(19, 36)
(19, 37)
(18, 37)
(19, 37)
(19, 38)
(19, 37)
(18, 37)
(18, 36)
(18, 37)
(18, 36)
(18, 37)
(18, 36)
(18, 35)
(18, 36)
(18, 37)
(17, 37)
(16, 37)
(17, 37)
(17, 36)
(17, 37)
(18, 37)
(19, 37)
(19, 36)
(18, 36)
(19, 36)
(19, 37)
(19, 38)
(19, 37)
(18, 37)
(18, 38)
(18, 37)
(19, 37)
(19, 38)
(19, 37)
(19, 38)
(19, 37)
(19, 36)
(19, 37)
(18, 37)
(19, 37)
(18, 37)
(17, 37)
(17, 38)
(17, 39)
(17, 38)
(16, 38)
(16, 39)
(16, 40)
(15, 40)
(15, 39)
(16, 39)
(16, 38)
(15, 38)
(14, 38)
(15, 38)
(16, 38)
(15, 38)
(14, 38)
(15, 38)
(15, 37)
(15, 38)
(15, 39)
(14, 39)
(14, 38)
(14, 37)
(14, 36)
(14, 35)
(15, 35)
(15, 36)
(15, 35)
(15, 34)
(15, 33)
(15, 34)
(16, 34)
(16, 33)
(17, 33)
(17, 32)
(17, 31)
(17, 32)
(17, 33)
(18, 33)
(18, 34)
(18, 35)
(18, 36)
(17, 36)
(17, 37)
(17, 38)
(18, 38)
(17, 38)
(18, 38)
(18, 37)
(18, 38)
(18, 39)
(17, 39)
(16, 39)
(16, 40)
(16, 39)
(15, 39)
(15, 38)
(14, 38)
(14, 37)
(15, 37)
(15, 36)
(14, 36)
(15, 36)
(16, 36)
(16, 35)
(17, 35)
(17, 34)
(16, 34)
(15, 34)
(15, 35)
(15, 36)
(15, 37)
(15, 38)
(15, 37)
(16, 37)
(16, 36)
(16, 35)
(15, 35)
(16, 35)
(15, 35)
(15, 36)
(16, 36)
(16, 37)
(17, 37)
(17, 38)
(17, 39)
(18, 39)
(19, 39)
(18, 39)
(17, 39)
(17, 40)
(17, 41)
(17, 42)
(16, 42)
(16, 41)
(15, 41)
(16, 41)
(16, 40)
(16, 41)
(17, 41)
(16, 41)
(17, 41)
(16, 41)
(16, 42)
(17, 42)
(16, 42)
(16, 41)
(17, 41)
(17, 42)
(16, 42)
(17, 42)
(17, 41)
(18, 41)
(18, 40)
(18, 41)
(17, 41)
(16, 41)
(16, 42)
(17, 42)
(18, 42)
(19, 42)
(18, 42)
(18, 41)
(17, 41)
(17, 40)
(16, 40)
(17, 40)
(17, 39)
(18, 39)
(19, 39)
(18, 39)
(17, 39)
(17, 40)
(16, 40)
(16, 41)
(15, 41)
(15, 40)
(16, 40)
(15, 40)
(14, 40)
(14, 41)
(14, 40)
(15, 40)
(14, 40)
(14, 39)
(15, 39)
(15, 40)
(15, 41)
(14, 41)
(14, 40)
(15, 40)
(15, 39)
(15, 38)
(15, 39)
(15, 38)
(15, 39)
(15, 40)
(16, 40)
(15, 40)
(15, 41)
(16, 41)
(16, 42)
(17, 42)
(17, 41)
(17, 42)
(18, 42)
(18, 43)
(18, 42)
(18, 41)
(18, 42)
(19, 42)
(19, 41)
(19, 40)
(19, 39)
(19, 40)
(18, 40)
(19, 40)
(19, 39)
(19, 38)
(19, 39)
(18, 39)
(18, 38)
(18, 37)
(18, 38)
(18, 39)
(18, 38)
(18, 37)
(18, 36)
(17, 36)
(17, 37)
(18, 37)
(18, 38)
(19, 38)
(19, 37)
(19, 36)
(19, 35)
(19, 36)
(19, 37)
(19, 38)
(18, 38)
(17, 38)
(16, 38)
(16, 39)
(15, 39)
(15, 38)
(14, 38)
(14, 39)
(14, 38)
(14, 37)
(15, 37)
(14, 37)
(15, 37)
(15, 38)
(15, 37)
(16, 37)
(17, 37)
(17, 38)
(17, 37)
(16, 37)
(15, 37)
(16, 37)
(16, 36)
(17, 36)
(17, 37)
(18, 37)
(18, 36)
(19, 36)
(19, 35)
(18, 35)
(18, 34)
(18, 33)
(18, 34)
(18, 33)
(19, 33)
(19, 32)
(19, 31)
(19, 30)
(19, 31)
(19, 32)
(19, 31)
(19, 32)
(19, 31)
(19, 32)
(19, 31)
(19, 30)
(19, 31)
(19, 32)
(19, 33)
(19, 32)
(19, 33)
(19, 34)
(19, 35)
(18, 35)
(19, 35)
(19, 34)
(18, 34)
(17, 34)
(17, 33)
(17, 32)
(17, 31)
(17, 32)
(18, 32)
(18, 33)
(17, 33)
(17, 32)
(16, 32)
(16, 33)
(17, 33)
(17, 34)
(16, 34)
(16, 35)
(16, 34)
(16, 33)
(17, 33)
(17, 34)
(16, 34)
(16, 35)
(15, 35)
(15, 36)
(16, 36)
(16, 35)
(17, 35)
(18, 35)
(18, 36)
(18, 37)
(18, 38)
(18, 39)
(18, 40)
(17, 40)
(17, 41)
(17, 42)
(18, 42)
(18, 41)
(19, 41)
(19, 40)
(18, 40)
(18, 39)
(18, 38)
(19, 38)
(19, 37)
(18, 37)
(17, 37)
(17, 36)
(17, 37)
(16, 37)
(15, 37)
(15, 36)
(15, 35)
(15, 34)
(15, 35)
(14, 35)
(14, 34)
(15, 34)
(15, 35)
(15, 34)
(15, 33)
(16, 33)
(16, 34)
(17, 34)
(16, 34)
(16, 33)
(15, 33)
(16, 33)
(16, 32)
(15, 32)
(16, 32)
(17, 32)
(18, 32)
(18, 33)
(18, 34)
(18, 33)
(18, 34)
(17, 34)
(16, 34)
(16, 35)
(15, 35)
(14, 35)
(14, 36)
(14, 35)
(14, 36)
(14, 37)
(14, 36)
(14, 35)
(14, 36)
(15, 36)
(15, 35)
(15, 36)
(14, 36)
(14, 37)
(15, 37)
(14, 37)
(14, 38)
(15, 38)
(15, 37)
(15, 38)
(15, 37)
(16, 37)
(17, 37)
(17, 36)
(17, 35)
(16, 35)
(15, 35)
(15, 34)
(15, 35)
(15, 34)
(14, 34)
(15, 34)
(15, 33)
(15, 34)
(16, 34)
(15, 34)
(15, 35)
(14, 35)
(14, 34)
(15, 34)
(15, 35)
(15, 34)
(15, 33)
(15, 34)
(16, 34)
(16, 33)
(17, 33)
(18, 33)
(19, 33)
(18, 33)
(18, 34)
(17, 34)
(18, 34)
(18, 35)
(18, 34)
(19, 34)
(19, 35)
(19, 34)
(18, 34)
(18, 33)
(19, 33)
(19, 32)
(18, 32)
(17, 32)
(17, 31)
(17, 32)
(16, 32)
(16, 31)
(16, 30)
(16, 31)
(17, 31)
(17, 30)
(17, 29)
(16, 29)
(17, 29)
(17, 30)
(17, 29)
(16, 29)
(16, 28)
(16, 27)
(17, 27)
(16, 27)
(16, 28)
(16, 27)
(16, 26)
(15, 26)
(14, 26)
(15, 26)
(15, 25)
(14, 25)
(14, 26)
(14, 27)
(14, 28)
(14, 29)
(14, 28)
(15, 28)
(16, 28)
(17, 28)
(17, 29)
(17, 28)
(17, 29)
(16, 29)
(17, 29)
(17, 30)
(17, 29)
(16, 29)
(15, 29)
(15, 28)
(15, 27)
(15, 26)
(15, 27)
(15, 26)
(15, 27)
(14, 27)
(14, 26)
(14, 27)
(14, 28)
(14, 29)
(15, 29)
(16, 29)
(16, 30)
(16, 29)
(16, 28)
(15, 28)
(15, 29)
(15, 30)
(15, 29)
(16, 29)
(16, 30)
(15, 30)
(15, 29)
(15, 28)
(15, 29)
(16, 29)
(16, 28)
(17, 28)
(17, 29)
(17, 28)
(17, 29)
(17, 28)
(18, 28)
(19, 28)
(19, 27)
(19, 28)
(19, 27)
(18, 27)
(19, 27)
(18, 27)
(18, 28)
(17, 28)
(18, 28)
(19, 28)
(19, 27)
(19, 28)
(18, 28)
(18, 27)
(18, 28)
(18, 27)
(17, 27)
(17, 28)
(18, 28)
(18, 27)
(18, 26)
(17, 26)
(17, 25)
(17, 26)
(17, 27)
(18, 27)
(19, 27)
(18, 27)
(17, 27)
(17, 28)
(16, 28)
(17, 28)
(16, 28)
(15, 28)
(14, 28)
(14, 29)
(14, 30)
(15, 30)
(15, 29)
(14, 29)
(14, 30)
(14, 31)
(14, 30)
(14, 29)
(14, 28)
(15, 28)
(16, 28)
(16, 27)
(17, 27)
(17, 28)
(16, 28)
(16, 27)
(16, 26)
(16, 25)
(15, 25)
(14, 25)
(15, 25)
(14, 25)
(15, 25)
(15, 26)
(15, 27)
(15, 26)
(15, 25)
(14, 25)
(14, 24)
(14, 25)
(14, 26)
(15, 26)
(14, 26)
(14, 27)
(14, 28)
(14, 29)
(14, 28)
(14, 29)
(14, 30)
(14, 31)
(14, 32)
(14, 33)
(14, 32)
(14, 33)
(14, 34)
(14, 35)
(14, 36)
(14, 37)
(14, 38)
(14, 39)
(14, 38)
(15, 38)
(15, 37)
(15, 36)
(15, 35)
(14, 35)
(15, 35)
(14, 35)
(14, 36)
(14, 35)
(15, 35)
(16, 35)
(16, 34)
(16, 33)
(17, 33)
(16, 33)
(15, 33)
(16, 33)
(15, 33)
(15, 32)
(16, 32)
(16, 33)
(15, 33)
(14, 33)
(15, 33)
(15, 34)
(15, 35)
(14, 35)
(15, 35)
(15, 36)
(15, 35)
(14, 35)
(15, 35)
(15, 34)
(15, 35)
(15, 34)
(15, 35)
(15, 36)
(14, 36)
(14, 35)
(15, 35)
(14, 35)
(15, 35)
(14, 35)
(15, 35)
(16, 35)
(15, 35)
(15, 36)
(14, 36)
(14, 37)
(15, 37)
(14, 37)
(14, 36)
(14, 37)
(15, 37)
(15, 36)
(15, 35)
(16, 35)
(16, 34)
(16, 35)
(17, 35)
(16, 35)
(15, 35)
(15, 34)
(16, 34)
(15, 34)
(14, 34)
(14, 35)
(15, 35)
(14, 35)
(15, 35)
(14, 35)
(15, 35)
(14, 35)
(14, 36)
(15, 36)
(16, 36)
(16, 37)
(17, 37)
(17, 38)
(17, 37)
(18, 37)
(18, 36)
(19, 36)
(19, 37)
(19, 38)
(18, 38)
(19, 38)
(19, 37)
(19, 36)
(18, 36)
(18, 35)
(18, 34)
(18, 35)
(19, 35)
(19, 34)
(19, 35)
(18, 35)
(18, 34)
(17, 34)
(17, 35)
(16, 35)
(15, 35)
(16, 35)
(17, 35)
(18, 35)
(18, 34)
(17, 34)
(17, 33)
(18, 33)
(19, 33)
(19, 32)
(18, 32)
(18, 31)
(18, 32)
(19, 32)
(19, 33)
(19, 34)
(18, 34)
(17, 34)
(16, 34)
(15, 34)
(14, 34)
(14, 35)
(15, 35)
(15, 34)
(15, 33)
(16, 33)
(16, 32)
(16, 31)
(16, 30)
(16, 29)
(16, 28)
(16, 29)
(16, 30)
(16, 31)
(16, 32)
(16, 33)
(15, 33)
(15, 32)
(15, 31)
(15, 30)
(14, 30)
(15, 30)
(14, 30)
(15, 30)
(15, 29)
(15, 30)
(16, 30)
(15, 30)
(16, 30)
(17, 30)
(16, 30)
(17, 30)
(17, 29)
(18, 29)
(18, 30)
(19, 30)
(18, 30)
(17, 30)
(17, 31)
(16, 31)
(16, 30)
(15, 30)
(15, 31)
(14, 31)
(14, 32)
(15, 32)
(15, 33)
(16, 33)
(17, 33)
(16, 33)
(16, 34)
(17, 34)
(18, 34)
(19, 34)
(18, 34)
(19, 34)
(19, 33)
(19, 34)
(18, 34)
(19, 34)
(19, 33)
(19, 32)
(18, 32)
(18, 33)
(19, 33)
(18, 33)
(18, 34)
(18, 33)
(17, 33)
(17, 34)
(16, 34)
(17, 34)
(17, 35)
(17, 36)
(16, 36)
(16, 35)
(16, 34)
(17, 34)
(17, 33)
(17, 34)
(16, 34)
(17, 34)
(17, 33)
(16, 33)
(15, 33)
(16, 33)
(17, 33)
(18, 33)
(17, 33)
(18, 33)
(17, 33)
(17, 32)
(18, 32)
(17, 32)
(16, 32)
(15, 32)
(14, 32)
(15, 32)
(15, 31)
(15, 32)
(15, 31)
(15, 30)
(15, 29)
(14, 29)
(14, 30)
(14, 29)
(14, 28)
(15, 28)
(15, 27)
(15, 28)
(16, 28)
(16, 29)
(15, 29)
(15, 28)
(15, 29)
(15, 28)
(15, 29)
(15, 28)
(15, 27)
(14, 27)
(14, 26)
(15, 26)
(16, 26)
(16, 25)
(16, 24)
(17, 24)
(17, 23)
(17, 24)
(17, 25)
(16, 25)
(15, 25)
(15, 26)
(15, 25)
(14, 25)
(15, 25)
(15, 24)
(14, 24)
(15, 24)
(15, 25)
(15, 24)
(14, 24)
(14, 23)
(15, 23)
(15, 24)
(15, 23)
(14, 23)
(15, 23)
(14, 23)
(14, 22)
(14, 23)
(15, 23)
(16, 23)
(15, 23)
(14, 23)
(14, 24)
(14, 25)
(14, 26)
(15, 26)
(15, 27)
(16, 27)
(16, 28)
(16, 29)
(15, 29)
(14, 29)
(14, 30)
(14, 29)
(14, 30)
(14, 29)
(14, 30)
(14, 29)
(14, 28)
(14, 29)
(14, 28)
(14, 27)
(14, 28)
(14, 29)
(14, 28)
(15, 28)
(15, 29)
(16, 29)
(17, 29)
(17, 30)
(16, 30)
(16, 29)
(16, 28)
(17, 28)
(16, 28)
(16, 29)
(16, 28)
(17, 28)
(18, 28)
(17, 28)
(17, 27)
(17, 28)
(17, 29)
(16, 29)
(15, 29)
(16, 29)
(15, 29)
(15, 28)
(16, 28)
(17, 28)
(18, 28)
(18, 29)
(18, 28)
(17, 28)
(17, 29)
(16, 29)
(17, 29)
(18, 29)
(19, 29)
(19, 30)
(18, 30)
(19, 30)
(18, 30)
(18, 29)
(17, 29)
(17, 30)
(16, 30)
(15, 30)
(15, 29)
(16, 29)
(15, 29)
(16, 29)
(16, 28)
(16, 29)
(17, 29)
(17, 28)
(16, 28)
(16, 27)
(16, 26)
(17, 26)
(17, 27)
(17, 28)
(17, 27)
(16, 27)
(16, 28)
(15, 28)
(14, 28)
(14, 27)
(14, 26)
(14, 27)
(14, 26)
(14, 27)
(14, 28)
(15, 28)
(16, 28)
(17, 28)
(18, 28)
(19, 28)
(19, 29)
(19, 30)
(18, 30)
(17, 30)
(17, 29)
(18, 29)
(17, 29)
(17, 28)
(17, 29)
(17, 28)
(17, 29)
(18, 29)
(17, 29)
(17, 30)
(17, 29)
(18, 29)
(18, 30)
(18, 29)
(19, 29)
(18, 29)
(19, 29)
(19, 28)
(19, 27)
(18, 27)
(17, 27)
(17, 28)
(18, 28)
(18, 27)
(17, 27)
(16, 27)
(15, 27)
(15, 28)
(16, 28)
(15, 28)
(15, 29)
(15, 30)
(15, 29)
(15, 30)
(15, 31)
(14, 31)
(15, 31)
(15, 30)
(15, 31)
(15, 30)
(16, 30)
(16, 29)
(16, 30)
(16, 31)
(16, 32)
(16, 33)
(15, 33)
(14, 33)
(14, 34)
(15, 34)
(16, 34)
(16, 33)
(17, 33)
(18, 33)
(17, 33)
(17, 32)
(16, 32)
(15, 32)
(15, 33)
(15, 34)
(15, 33)
(16, 33)
(17, 33)
(16, 33)
(16, 32)
(16, 33)
(16, 32)
(15, 32)
(14, 32)
(14, 33)
(14, 32)
(14, 33)
(15, 33)
(14, 33)
(14, 32)
(15, 32)
(14, 32)
(15, 32)
(14, 32)
(15, 32)
(14, 32)
(14, 33)
(15, 33)
(14, 33)
(15, 33)
(14, 33)
(14, 34)
(15, 34)
(14, 34)
(14, 33)
(14, 32)
(14, 31)
(14, 30)
(15, 30)
(15, 31)
(16, 31)
(17, 31)
(16, 31)
(16, 32)
(17, 32)
(16, 32)
(16, 31)
(17, 31)
(17, 30)
(16, 30)
(17, 30)
(16, 30)
(17, 30)
(18, 30)
(17, 30)
(17, 31)
(17, 30)
(18, 30)
(18, 31)
(18, 30)
(19, 30)
(19, 29)
(19, 28)
(19, 29)
(19, 28)
(18, 28)
(18, 27)
(19, 27)
(18, 27)
(17, 27)
(16, 27)
(16, 28)
(16, 29)
(17, 29)
(17, 30)
(17, 31)
(16, 31)
(15, 31)
(15, 32)
(15, 31)
(14, 31)
(14, 30)
(14, 31)
(14, 32)
(14, 31)
(14, 32)
(14, 31)
(14, 32)
(14, 33)
(15, 33)
(16, 33)
(15, 33)
(14, 33)
(15, 33)
(15, 32)
(16, 32)
(15, 32)
(15, 31)
(15, 30)
(14, 30)
(15, 30)
(16, 30)
(16, 31)
(17, 31)
(18, 31)
(19, 31)
(19, 32)
(19, 31)
(19, 30)
(18, 30)
(19, 30)
(19, 29)
(19, 28)
(18, 28)
(18, 27)
(17, 27)
(17, 28)
(17, 29)
(18, 29)
(18, 30)
(19, 30)
(18, 30)
(17, 30)
(16, 30)
(15, 30)
(15, 29)
(15, 28)
(14, 28)
(15, 28)
(16, 28)
(16, 29)
(15, 29)
(14, 29)
(15, 29)
(15, 28)
(16, 28)
(16, 29)
(16, 28)
(15, 28)
(14, 28)
(15, 28)
(14, 28)
(14, 27)
(15, 27)
(15, 28)
(15, 29)
(14, 29)
(15, 29)
(15, 28)
(14, 28)
(15, 28)
(15, 27)
(14, 27)
(15, 27)
(15, 26)
(14, 26)
(15, 26)
(15, 25)
(16, 25)
(15, 25)
(14, 25)
(14, 24)
(14, 25)
(15, 25)
(16, 25)
(16, 24)
(16, 23)
(17, 23)
(18, 23)
(18, 22)
(19, 22)
(18, 22)
(18, 23)
(18, 22)
(18, 23)
(18, 22)
(19, 22)
(19, 23)
(19, 24)
(18, 24)
(17, 24)
(18, 24)
(19, 24)
(19, 23)
(19, 24)
(18, 24)
(17, 24)
(18, 24)
(17, 24)
(17, 25)
(18, 25)
(18, 24)
(18, 23)
(19, 23)
(19, 24)
(18, 24)
(18, 25)
(18, 24)
(17, 24)
(18, 24)
(19, 24)
(19, 25)
(18, 25)
(18, 24)
(17, 24)
(18, 24)
(18, 25)
(17, 25)
(18, 25)
(18, 24)
(19, 24)
(18, 24)
(17, 24)
(18, 24)
(17, 24)
(18, 24)
(19, 24)
(19, 25)
(19, 26)
(19, 27)
(18, 27)
(18, 26)
(18, 25)
(19, 25)
(19, 24)
(19, 25)
(19, 26)
(19, 25)
(19, 24)
(18, 24)
(18, 25)
(18, 26)
(17, 26)
(16, 26)
(16, 27)
(17, 27)
(17, 28)
(17, 29)
(17, 30)
(16, 30)
(16, 29)
(16, 28)
(16, 29)
(16, 28)
(16, 29)
(16, 30)
(17, 30)
(17, 29)
(17, 28)
(17, 27)
(17, 28)
(17, 27)
(18, 27)
(17, 27)
(17, 28)
(17, 29)
(17, 30)
(17, 29)
(16, 29)
(16, 30)
(16, 29)
(16, 30)
(17, 30)
(17, 29)
(17, 30)
(16, 30)
(17, 30)
(18, 30)
(18, 31)
(18, 30)
(18, 29)
(18, 30)
(19, 30)
(18, 30)
(17, 30)
(17, 29)
(17, 30)
(18, 30)
(19, 30)
(18, 30)
(18, 31)
(18, 30)
(17, 30)
(17, 29)
(16, 29)
(16, 30)
(15, 30)
(15, 31)
(14, 31)
(14, 32)
(15, 32)
(15, 31)
(16, 31)
(16, 32)
(16, 31)
(15, 31)
(15, 32)
(15, 33)
(16, 33)
(17, 33)
(16, 33)
(16, 34)
(16, 33)
(17, 33)
(17, 34)
(16, 34)
(16, 35)
(16, 34)
(17, 34)
(17, 33)
(17, 32)
(16, 32)
(16, 31)
(16, 30)
(16, 29)
(16, 28)
(16, 29)
(15, 29)
(14, 29)
(14, 30)
(14, 31)
(14, 30)
(14, 31)
(14, 30)
(14, 29)
(14, 30)
(14, 31)
(15, 31)
(15, 30)
(15, 31)
(15, 30)
(15, 29)
(15, 28)
(15, 29)
(15, 28)
(14, 28)
(14, 29)
(14, 28)
(14, 27)
(14, 28)
(15, 28)
(15, 27)
(15, 28)
(15, 29)
(14, 29)
(14, 30)
(15, 30)
(15, 31)
(16, 31)
(16, 32)
(17, 32)
(17, 33)
(17, 34)
(18, 34)
(18, 35)
(19, 35)
(19, 34)
(19, 33)
(19, 34)
(18, 34)
(19, 34)
(18, 34)
(18, 33)
(18, 32)
(18, 31)
(18, 30)
(18, 29)
(18, 30)
(18, 29)
(18, 28)
(19, 28)
(19, 29)
(19, 28)
(19, 27)
(18, 27)
(18, 28)
(18, 27)
(19, 27)
(18, 27)
(18, 26)
(17, 26)
(17, 27)
(17, 28)
(16, 28)
(15, 28)
(16, 28)
(15, 28)
(16, 28)
(16, 27)
(15, 27)
(16, 27)
(17, 27)
(17, 26)
(17, 27)
(17, 26)
(18, 26)
(17, 26)
(18, 26)
(17, 26)
(18, 26)
(18, 27)
(18, 26)
(17, 26)
(18, 26)
(17, 26)
(16, 26)
(15, 26)
(16, 26)
(17, 26)
(16, 26)
(16, 27)
(17, 27)
(17, 28)
(18, 28)
(19, 28)
(19, 29)
(18, 29)
(18, 28)
(17, 28)
(17, 27)
(17, 26)
(18, 26)
(19, 26)
(19, 25)
(19, 26)
(19, 27)
(18, 27)
(18, 26)
(18, 27)
(19, 27)
(19, 28)
(18, 28)
(18, 27)
(18, 26)
(17, 26)
(17, 25)
(17, 24)
(18, 24)
(18, 25)
(17, 25)
(17, 24)
(17, 23)
(17, 24)
(17, 25)
(18, 25)
(18, 24)
(18, 25)
(18, 26)
(18, 25)
(18, 26)
(17, 26)
(17, 27)
(17, 26)
(18, 26)
(17, 26)
(16, 26)
(16, 25)
(15, 25)
(14, 25)
(14, 24)
(14, 25)
(15, 25)
(14, 25)
(14, 26)
(14, 25)
(15, 25)
(16, 25)
(16, 24)
(16, 25)
(16, 26)
(16, 27)
(17, 27)
(17, 26)
(16, 26)
(15, 26)
(14, 26)
(14, 25)
(14, 26)
(14, 25)
(15, 25)
(15, 26)
(14, 26)
(14, 25)
(14, 26)
(14, 25)
(15, 25)
(15, 26)
(14, 26)
(14, 25)
(14, 26)
(15, 26)
(15, 27)
(14, 27)
(15, 27)
(15, 28)
(16, 28)
(17, 28)
(17, 29)
(18, 29)
(19, 29)
(18, 29)
(18, 28)
(18, 27)
(17, 27)
(17, 26)
(18, 26)
(18, 27)
(17, 27)
(16, 27)
(17, 27)
(16, 27)
(16, 26)
(17, 26)
(18, 26)
(18, 25)
(17, 25)
(17, 24)
(17, 23)
(17, 22)
(16, 22)
(16, 23)
(15, 23)
(15, 24)
(15, 25)
(16, 25)
(17, 25)
(16, 25)
(15, 25)
(14, 25)
(15, 25)
(15, 24)
(14, 24)
(15, 24)
(16, 24)
(16, 25)
(16, 26)
(15, 26)
(16, 26)
(16, 27)
(15, 27)
(14, 27)
(15, 27)
(14, 27)
(15, 27)
(14, 27)
(14, 26)
(15, 26)
(15, 25)
(16, 25)
(16, 26)
(15, 26)
(15, 25)
(15, 26)
(15, 27)
(15, 28)
(15, 27)
(15, 26)
(15, 27)
(14, 27)
(14, 26)
(14, 25)
(14, 24)
(14, 25)
(14, 26)
(14, 27)
(14, 26)
(14, 27)
(14, 26)
(14, 27)
(14, 26)
(15, 26)
(15, 27)
(15, 28)
(16, 28)
(15, 28)
(15, 27)
(16, 27)
(17, 27)
(16, 27)
(17, 27)
(18, 27)
(18, 28)
(18, 27)
(18, 26)
(17, 26)
(18, 26)
(17, 26)
(16, 26)
(17, 26)
(17, 25)
(17, 24)
(18, 24)
(18, 25)
(17, 25)
(17, 24)
(16, 24)
(16, 25)
(17, 25)
(16, 25)
(16, 24)
(16, 25)
(16, 24)
(15, 24)
(16, 24)
(16, 25)
(16, 26)
(16, 27)
(16, 26)
(16, 25)
(16, 26)
(16, 27)
(16, 28)
(17, 28)
(16, 28)
(15, 28)
(16, 28)
(16, 27)
(15, 27)
(15, 26)
(15, 27)
(14, 27)
(15, 27)
(15, 26)
(15, 27)
(15, 26)
(16, 26)
(16, 27)
(15, 27)
(14, 27)
(14, 28)
(14, 27)
(14, 28)
(14, 27)
(15, 27)
(15, 28)
(14, 28)
(14, 29)
(14, 30)
(14, 29)
(15, 29)
(15, 28)
(15, 27)
(16, 27)
(16, 28)
(17, 28)
(17, 27)
(16, 27)
(16, 26)
(16, 25)
(16, 24)
(17, 24)
(16, 24)
(17, 24)
(16, 24)
(16, 25)
(17, 25)
(16, 25)
(17, 25)
(18, 25)
(18, 26)
(18, 25)
(19, 25)
(18, 25)
(18, 26)
(18, 25)
(17, 25)
(18, 25)
(18, 24)
(18, 25)
(18, 26)
(18, 27)
(17, 27)
(17, 28)
(16, 28)
(17, 28)
(17, 27)
(17, 26)
(18, 26)
(18, 25)
(19, 25)
(19, 26)
(19, 27)
(19, 26)
(19, 25)
(19, 26)
(18, 26)
(17, 26)
(16, 26)
(17, 26)
(16, 26)
(16, 27)
(16, 28)
(16, 29)
(15, 29)
(14, 29)
(15, 29)
(15, 30)
(16, 30)
(16, 29)
(17, 29)
(18, 29)
(18, 30)
(19, 30)
(19, 31)
(19, 30)
(19, 31)
(19, 30)
(19, 31)
(19, 32)
(18, 32)
(17, 32)
(16, 32)
(17, 32)
(17, 31)
(17, 32)
(18, 32)
(18, 31)
(19, 31)
(18, 31)
(18, 30)
(18, 29)
(18, 30)
(17, 30)
(17, 29)
(18, 29)
(18, 28)
(18, 29)
(17, 29)
(18, 29)
(18, 28)
(19, 28)
(19, 27)
(19, 28)
(19, 27)
(19, 26)
(19, 27)
(19, 26)
(18, 26)
(18, 27)
(18, 26)
(19, 26)
(18, 26)
(17, 26)
(17, 27)
(17, 26)
(18, 26)
(18, 27)
(18, 26)
(19, 26)
(19, 25)
(19, 24)
(19, 25)
(19, 26)
(19, 27)
(18, 27)
(19, 27)
(19, 26)
(19, 25)
(19, 24)
(18, 24)
(18, 25)
(18, 24)
(18, 23)
(18, 24)
(17, 24)
(18, 24)
(17, 24)
(17, 25)
(18, 25)
(18, 26)
(17, 26)
(17, 27)
(18, 27)
(18, 26)
(18, 25)
(18, 26)
(18, 25)
(17, 25)
(18, 25)
(18, 26)
(18, 25)
(18, 24)
(19, 24)
(19, 25)
(19, 26)
(18, 26)
(17, 26)
(17, 25)
(18, 25)
(17, 25)
(17, 26)
(17, 27)
(17, 26)
(18, 26)
(19, 26)
(19, 27)
(19, 26)
(18, 26)
(18, 25)
(18, 24)
(18, 25)
(19, 25)
(19, 24)
(18, 24)
(18, 23)
(19, 23)
(18, 23)
(19, 23)
(19, 22)
(19, 21)
(19, 22)
(19, 23)
(18, 23)
(17, 23)
(17, 22)
(17, 23)
(16, 23)
(17, 23)
(17, 22)
(17, 23)
(17, 22)
(17, 23)
(16, 23)
(17, 23)
(17, 22)
(18, 22)
(17, 22)
(18, 22)
(19, 22)
(18, 22)
(18, 23)
(18, 22)
(19, 22)
(18, 22)
(18, 21)
(18, 22)
(19, 22)
(19, 21)
(19, 20)
(19, 19)
(19, 20)
(19, 19)
(19, 18)
(19, 19)
(18, 19)
(18, 20)
(18, 21)
(17, 21)
(18, 21)
(17, 21)
(17, 22)
(17, 21)
(18, 21)
(17, 21)
(17, 22)
(17, 21)
(18, 21)
(18, 20)
(18, 19)
(18, 18)
(19, 18)
(19, 19)
(18, 19)
(18, 20)
(19, 20)
(18, 20)
(19, 20)
(18, 20)
(18, 19)
(18, 18)
(17, 18)
(17, 17)
(16, 17)
(17, 17)
(17, 18)
(17, 17)
(16, 17)
(15, 17)
(14, 17)
(14, 16)
(15, 16)
(14, 16)
(13, 16)
(14, 16)
(14, 15)
(13, 15)
(14, 15)
(14, 16)
(14, 17)
(15, 17)
(16, 17)
(15, 17)
(14, 17)
(15, 17)
(16, 17)
(16, 18)
(17, 18)
(17, 19)
(17, 20)
(17, 21)
(17, 22)
(17, 21)
(16, 21)
(17, 21)
(17, 20)
(16, 20)
(17, 20)
(17, 19)
(16, 19)
(16, 20)
(16, 21)
(16, 22)
(16, 23)
(16, 22)
(16, 21)
(15, 21)
(15, 20)
(15, 21)
(15, 22)
(15, 23)
(15, 22)
(15, 21)
(15, 22)
(14, 22)
(15, 22)
(15, 21)
(15, 22)
(14, 22)
(15, 22)
(15, 23)
(15, 24)
(15, 25)
(15, 26)
(15, 25)
(14, 25)
(14, 26)
(15, 26)
(15, 25)
(16, 25)
(16, 24)
(16, 25)
(16, 24)
(16, 25)
(15, 25)
(16, 25)
(16, 26)
(16, 25)
(15, 25)
(15, 24)
(14, 24)
(14, 23)
(15, 23)
(15, 24)
(15, 23)
(14, 23)
(15, 23)
(15, 24)
(15, 25)
(14, 25)
(14, 24)
(14, 25)
(14, 24)
(15, 24)
(16, 24)
(16, 25)
(16, 26)
(16, 25)
(16, 26)
(15, 26)
(15, 27)
(14, 27)
(14, 28)
(14, 27)
(15, 27)
(16, 27)
(16, 26)
(16, 25)
(16, 24)
(16, 23)
(16, 22)
(16, 21)
(17, 21)
(17, 22)
(17, 23)
(18, 23)
(17, 23)
(18, 23)
(19, 23)
(18, 23)
(18, 24)
(19, 24)
(19, 23)
(19, 22)
(19, 21)
(18, 21)
(18, 20)
(17, 20)
(16, 20)
(15, 20)
(15, 21)
(14, 21)
(15, 21)
(14, 21)
(15, 21)
(14, 21)
(14, 20)
(14, 21)
(14, 20)
(15, 20)
(15, 21)
(15, 20)
(14, 20)
(15, 20)
(14, 20)
(15, 20)
(16, 20)
(17, 20)
(17, 21)
(18, 21)
(18, 20)
(18, 19)
(18, 20)
(19, 20)
(19, 19)
(19, 20)
(19, 19)
(19, 20)
(18, 20)
(18, 19)
(18, 20)
(19, 20)
(19, 19)
(18, 19)
(18, 18)
(19, 18)
(19, 19)
(18, 19)
(19, 19)
(19, 20)
(19, 21)
(18, 21)
(18, 22)
(18, 21)
(19, 21)
(19, 20)
(18, 20)
(18, 21)
(19, 21)
(18, 21)
(19, 21)
(19, 22)
(19, 21)
(18, 21)
(19, 21)
(19, 20)
(18, 20)
(18, 19)
(19, 19)
(19, 20)
(19, 21)
(19, 22)
(19, 23)
(18, 23)
(18, 22)
(18, 21)
(18, 20)
(18, 19)
(18, 20)
(17, 20)
(16, 20)
(17, 20)
(18, 20)
(17, 20)
(16, 20)
(16, 21)
(15, 21)
(15, 22)
(14, 22)
(14, 23)
(14, 22)
(14, 21)
(15, 21)
(15, 20)
(15, 19)
(15, 20)
(15, 21)
(15, 22)
(16, 22)
(17, 22)
(18, 22)
(18, 21)
(18, 22)
(18, 23)
(19, 23)
(19, 24)
(19, 23)
(19, 24)
(19, 25)
(18, 25)
(18, 26)
(18, 27)
(19, 27)
(19, 26)
(19, 25)
(19, 24)
(19, 23)
(18, 23)
(18, 22)
(19, 22)
(19, 23)
(18, 23)
(18, 22)
(18, 21)
(18, 20)
(18, 21)
(19, 21)
(18, 21)
(18, 20)
(17, 20)
(17, 21)
(18, 21)
(18, 20)
(18, 19)
(18, 18)
(18, 17)
(17, 17)
(16, 17)
(16, 18)
(17, 18)
(17, 17)
(17, 18)
(18, 18)
(19, 18)
(19, 17)
(19, 18)
(19, 17)
(19, 18)
(19, 17)
(18, 17)
(18, 18)
(19, 18)
(19, 17)
(18, 17)
(18, 16)
(19, 16)
(19, 17)
(18, 17)
(18, 18)
(18, 19)
(18, 18)
(18, 19)
(19, 19)
(18, 19)
(19, 19)
(18, 19)
(18, 18)
(19, 18)
(19, 19)
(18, 19)
(17, 19)
(16, 19)
(16, 20)
(16, 19)
(16, 20)
(15, 20)
(15, 19)
(16, 19)
(17, 19)
(17, 18)
(17, 17)
(18, 17)
(18, 18)
(17, 18)
(16, 18)
(16, 17)
(17, 17)
(17, 18)
(17, 19)
(16, 19)
(15, 19)
(16, 19)
(17, 19)
(16, 19)
(15, 19)
(16, 19)
(15, 19)
(16, 19)
(15, 19)
(16, 19)
(16, 18)
(15, 18)
(16, 18)
(15, 18)
(14, 18)
(14, 17)
(14, 18)
(14, 17)
(14, 18)
(14, 17)
(15, 17)
(14, 17)
(14, 18)
(14, 17)
(15, 17)
(15, 16)
(15, 15)
(15, 14)
(14, 14)
(14, 13)
(14, 12)
(15, 12)
(15, 13)
(14, 13)
(15, 13)
(15, 12)
(14, 12)
(14, 13)
(14, 12)
(15, 12)
(14, 12)
(13, 12)
(13, 11)
(13, 12)
(13, 11)
(13, 12)
(14, 12)
(14, 13)
(15, 13)
(15, 14)
(15, 15)
(14, 15)
(13, 15)
(12, 15)
(12, 14)
(11, 14)
(12, 14)
(11, 14)
(11, 15)
(10, 15)
(10, 14)
(11, 14)
(11, 15)
(12, 15)
(12, 14)
(12, 15)
(13, 15)
(13, 14)
(12, 14)
(11, 14)
(10, 14)
(10, 15)
(10, 16)
(10, 15)
(11, 15)
(11, 14)
(10, 14)
(11, 14)
(12, 14)
(12, 15)
(12, 14)
(11, 14)
(11, 15)
(11, 14)
(11, 15)
(11, 14)
(12, 14)
(13, 14)
(13, 15)
(14, 15)
(15, 15)
(15, 16)
(15, 17)
(15, 16)
(14, 16)
(15, 16)
(14, 16)
(14, 15)
(15, 15)
(15, 14)
(15, 13)
(15, 14)
(15, 13)
(16, 13)
(15, 13)
(15, 14)
(15, 15)
(15, 16)
(14, 16)
(14, 17)
(15, 17)
(15, 18)
(14, 18)
(14, 17)
(15, 17)
(16, 17)
(16, 18)
(15, 18)
(14, 18)
(14, 17)
(14, 18)
(14, 17)
(14, 18)
(14, 17)
(14, 16)
(13, 16)
(13, 15)
(13, 16)
(13, 15)
(14, 15)
(14, 14)
(15, 14)
(14, 14)
(14, 13)
(14, 12)
(15, 12)
(14, 12)
(14, 11)
(14, 10)
(15, 10)
(14, 10)
(14, 9)
(13, 9)
(13, 10)
(14, 10)
(15, 10)
(14, 10)
(14, 11)
(14, 10)
(13, 10)
(14, 10)
(14, 9)
(13, 9)
(14, 9)
(14, 8)
(14, 7)
(14, 6)
(14, 7)
(14, 8)
(13, 8)
(14, 8)
(13, 8)
(13, 7)
(14, 7)
(14, 8)
(13, 8)
(14, 8)
(14, 7)
(14, 6)
(13, 6)
(13, 7)
(13, 6)
(14, 6)
(13, 6)
(13, 5)
(13, 4)
(14, 4)
(13, 4)
(14, 4)
(13, 4)
(14, 4)
(14, 3)
(14, 2)
(13, 2)
(13, 1)
(13, 0)
(14, 0)
(15, 0)
(14, 0)
(14, 1)
(14, 2)
(14, 3)
(14, 4)
(14, 3)
(13, 3)
(13, 2)
(14, 2)
(13, 2)
(13, 3)
(13, 4)
(14, 4)
(14, 5)
(13, 5)
(13, 4)
(13, 5)
(13, 4)
(13, 3)
(13, 2)
(13, 1)
(13, 2)
(14, 2)
(15, 2)
(15, 3)
(15, 4)
(16, 4)
(16, 3)
(16, 4)
(16, 5)
(17, 5)
(17, 6)
(18, 6)
(18, 5)
(19, 5)
(18, 5)
(19, 5)
(19, 4)
(19, 5)
(18, 5)
(19, 5)
(18, 5)
(19, 5)
(19, 4)
(19, 3)
(19, 2)
(19, 3)
(18, 3)
(17, 3)
(16, 3)
(16, 4)
(16, 5)
(17, 5)
(17, 6)
(18, 6)
(18, 5)
(18, 4)
(18, 3)
(18, 4)
(19, 4)
(19, 5)
(19, 6)
(18, 6)
(18, 5)
(18, 6)
(18, 7)
(18, 8)
(18, 9)
(17, 9)
(18, 9)
(18, 8)
(18, 7)
(18, 8)
(19, 8)
(19, 9)
(18, 9)
(17, 9)
(18, 9)
(17, 9)
(18, 9)
(18, 10)
(19, 10)
(18, 10)
(19, 10)
(18, 10)
(18, 9)
(18, 10)
(17, 10)
(17, 11)
(17, 10)
(17, 11)
(18, 11)
(17, 11)
(17, 12)
(17, 11)
(17, 12)
(18, 12)
(18, 13)
(18, 14)
(17, 14)
(16, 14)
(15, 14)
(16, 14)
(16, 13)
(16, 14)
(17, 14)
(17, 13)
(16, 13)
(17, 13)
(16, 13)
(17, 13)
(17, 12)
(18, 12)
(18, 11)
(19, 11)
(19, 10)
(19, 9)
(19, 8)
(18, 8)
(19, 8)
(19, 7)
(19, 8)
(19, 9)
(18, 9)
(18, 8)
(19, 8)
(18, 8)
(18, 7)
(19, 7)
(18, 7)
(17, 7)
(17, 8)
(18, 8)
(18, 9)
(19, 9)
(19, 10)
(19, 9)
(19, 10)
(19, 9)
(18, 9)
(18, 8)
(17, 8)
(17, 7)
(18, 7)
(17, 7)
(17, 8)
(17, 9)
(17, 10)
(17, 9)
(17, 10)
(17, 11)
(17, 12)
(17, 11)
(17, 12)
(16, 12)
(17, 12)
(17, 11)
(18, 11)
(19, 11)
(19, 10)
(18, 10)
(19, 10)
(19, 11)
(19, 12)
(18, 12)
(19, 12)
(19, 13)
(19, 12)
(19, 13)
(19, 12)
(19, 13)
(19, 12)
(18, 12)
(18, 11)
(17, 11)
(17, 12)
(18, 12)
(18, 13)
(19, 13)
(19, 12)
(19, 13)
(19, 12)
(18, 12)
(18, 11)
(19, 11)
(19, 12)
(19, 13)
(19, 12)
(18, 12)
(18, 11)
(18, 12)
(18, 13)
(18, 14)
(18, 13)
(17, 13)
(17, 12)
(16, 12)
(16, 11)
(16, 12)
(16, 11)
(16, 10)
(15, 10)
(15, 11)
(16, 11)
(15, 11)
(15, 10)
(15, 11)
(15, 12)
(15, 11)
(15, 12)
(14, 12)
(14, 13)
(13, 13)
(13, 14)
(13, 13)
(14, 13)
(13, 13)
(13, 14)
(14, 14)
(13, 14)
(14, 14)
(14, 13)
(14, 14)
(14, 15)
(14, 14)
(14, 15)
(14, 16)
(14, 15)
(15, 15)
(14, 15)
(15, 15)
(15, 14)
(15, 13)
(14, 13)
(13, 13)
(13, 12)
(13, 13)
(13, 14)
(14, 14)
(14, 13)
(15, 13)
(15, 12)
(15, 11)
(15, 10)
(16, 10)
(16, 11)
(15, 11)
(14, 11)
(13, 11)
(14, 11)
(14, 10)
(14, 11)
(13, 11)
(13, 10)
(14, 10)
(14, 11)
(15, 11)
(14, 11)
(15, 11)
(14, 11)
(15, 11)
(15, 12)
(14, 12)
(15, 12)
(15, 13)
(15, 12)
(14, 12)
(14, 11)
(14, 12)
(14, 11)
(14, 12)
(13, 12)
(14, 12)
(13, 12)
(13, 11)
(13, 10)
(13, 9)
(13, 8)
(13, 9)
(13, 8)
(14, 8)
(14, 9)
(13, 9)
(13, 8)
(13, 9)
(13, 10)
(13, 9)
(14, 9)
(13, 9)
(14, 9)
(13, 9)
(13, 8)
(14, 8)
(14, 7)
(13, 7)
(13, 8)
(13, 9)
(13, 8)
(14, 8)
(14, 9)
(14, 8)
(14, 9)
(13, 9)
(13, 10)
(13, 9)
(14, 9)
(14, 8)
(13, 8)
(13, 9)
(13, 8)
(13, 9)
(14, 9)
(14, 8)
(13, 8)
(14, 8)
(13, 8)
(13, 7)
(13, 6)
(13, 7)
(13, 6)
(13, 7)
(13, 8)
(13, 7)
(13, 8)
(13, 9)
(14, 9)
(13, 9)
(14, 9)
(14, 10)
(15, 10)
(14, 10)
(14, 9)
(14, 10)
(14, 9)
(14, 8)
(14, 7)
(14, 6)
(14, 5)
(13, 5)
(13, 6)
(13, 7)
(13, 8)
(13, 7)
(14, 7)
(14, 8)
(13, 8)
(13, 9)
(13, 10)
(14, 10)
(14, 9)
(13, 9)
(13, 8)
(13, 9)
(13, 8)
(13, 7)
(13, 8)
(13, 7)
(13, 6)
(13, 5)
(14, 5)
(14, 6)
(14, 7)
(14, 8)
(13, 8)
(13, 7)
(13, 8)
(14, 8)
(14, 9)
(13, 9)
(13, 10)
(14, 10)
(13, 10)
(14, 10)
(13, 10)
(13, 9)
(13, 10)
(14, 10)
(15, 10)
(16, 10)
(17, 10)
(16, 10)
(16, 11)
(16, 12)
(16, 11)
(16, 10)
(16, 11)
(16, 12)
(16, 11)
(15, 11)
(15, 12)
(15, 11)
(15, 12)
(16, 12)
(16, 11)
(15, 11)
(15, 10)
(15, 11)
(16, 11)
(15, 11)
(15, 10)
(16, 10)
(15, 10)
(16, 10)
(16, 11)
(17, 11)
(17, 12)
(17, 11)
(16, 11)
(17, 11)
(16, 11)
(16, 12)
(16, 13)
(15, 13)
(14, 13)
(15, 13)
(15, 14)
(15, 13)
(15, 12)
(16, 12)
(17, 12)
(16, 12)
(15, 12)
(16, 12)
(15, 12)
(14, 12)
(14, 13)
(14, 14)
(15, 14)
(15, 15)
(14, 15)
(13, 15)
(12, 15)
(11, 15)
(12, 15)
(13, 15)
(14, 15)
(14, 14)
(14, 15)
(15, 15)
(15, 16)
(14, 16)
(14, 15)
(15, 15)
(14, 15)
(14, 16)
(14, 15)
(13, 15)
(12, 15)
(12, 16)
(13, 16)
(14, 16)
(13, 16)
(14, 16)
(15, 16)
(15, 15)
(14, 15)
(14, 14)
(14, 13)
(13, 13)
(14, 13)
(15, 13)
(16, 13)
(16, 14)
(16, 13)
(16, 14)
(16, 13)
(16, 14)
(17, 14)
(17, 13)
(17, 14)
(17, 13)
(18, 13)
(18, 14)
(17, 14)
(16, 14)
(15, 14)
(15, 15)
(14, 15)
(15, 15)
(14, 15)
(15, 15)
(15, 16)
(14, 16)
(15, 16)
(15, 17)
(14, 17)
(15, 17)
(15, 18)
(16, 18)
(15, 18)
(15, 17)
(15, 16)
(15, 15)
(14, 15)
(15, 15)
(15, 16)
(15, 17)
(14, 17)
(14, 16)
(13, 16)
(13, 15)
(12, 15)
(11, 15)
(11, 14)
(10, 14)
(10, 15)
(10, 16)
(10, 15)
(10, 16)
(10, 15)
(10, 16)
(11, 16)
(11, 15)
(11, 14)
(12, 14)
(13, 14)
(13, 13)
(13, 12)
(13, 13)
(13, 14)
(12, 14)
(12, 15)
(12, 14)
(11, 14)
(11, 15)
(12, 15)
(11, 15)
(12, 15)
(12, 14)
(12, 15)
(13, 15)
(12, 15)
(12, 16)
(12, 15)
(12, 16)
(13, 16)
(14, 16)
(15, 16)
(14, 16)
(14, 17)
(14, 18)
(15, 18)
(14, 18)
(14, 19)
(14, 20)
(15, 20)
(16, 20)
(16, 21)
(16, 22)
(15, 22)
(14, 22)
(14, 23)
(14, 24)
(14, 23)
(15, 23)
(14, 23)
(15, 23)
(15, 22)
(16, 22)
(16, 21)
(15, 21)
(15, 22)
(14, 22)
(14, 21)
(15, 21)
(15, 20)
(15, 21)
(16, 21)
(15, 21)
(16, 21)
(15, 21)
(14, 21)
(14, 20)
(15, 20)
(15, 21)
(15, 20)
(14, 20)
(14, 21)
(14, 22)
(14, 21)
(14, 22)
(14, 23)
(14, 24)
(15, 24)
(14, 24)
(14, 23)
(14, 24)
(14, 25)
(15, 25)
(14, 25)
(15, 25)
(15, 26)
(15, 27)
(14, 27)
(14, 28)
(14, 27)
(14, 28)
(15, 28)
(16, 28)
(16, 27)
(16, 26)
(17, 26)
(17, 25)
(17, 24)
(18, 24)
(17, 24)
(17, 23)
(17, 22)
(17, 21)
(17, 22)
(17, 21)
(16, 21)
(17, 21)
(18, 21)
(18, 22)
(19, 22)
(19, 21)
(19, 22)
(19, 23)
(19, 22)
(19, 23)
(18, 23)
(19, 23)
(19, 24)
(19, 25)
(19, 26)
(19, 25)
(18, 25)
(18, 26)
(18, 27)
(18, 28)
(17, 28)
(17, 29)
(16, 29)
(16, 30)
(15, 30)
(15, 31)
(14, 31)
(15, 31)
(16, 31)
(17, 31)
(18, 31)
(17, 31)
(16, 31)
(16, 30)
(17, 30)
(17, 31)
(18, 31)
(18, 32)
(18, 31)
(19, 31)
(19, 30)
(19, 31)
(18, 31)
(17, 31)
(17, 30)
(17, 31)
(17, 30)
(17, 29)
(18, 29)
(18, 30)
(17, 30)
(17, 29)
(18, 29)
(18, 30)
(17, 30)
(18, 30)
(19, 30)
(18, 30)
(18, 31)
(17, 31)
(18, 31)
(18, 30)
(17, 30)
(17, 29)
(18, 29)
(19, 29)
(18, 29)
(17, 29)
(17, 28)
(17, 27)
(18, 27)
(19, 27)
(19, 28)
(19, 27)
(18, 27)
(17, 27)
(18, 27)
(18, 26)
(19, 26)
(19, 25)
(18, 25)
(18, 26)
(18, 27)
(18, 28)
(19, 28)
(18, 28)
(18, 27)
(19, 27)
(19, 28)
(19, 27)
(19, 28)
(18, 28)
(18, 27)
(17, 27)
(18, 27)
(18, 28)
(17, 28)
(17, 27)
(16, 27)
(15, 27)
(15, 28)
(16, 28)
(16, 29)
(15, 29)
(15, 30)
(15, 31)
(14, 31)
(15, 31)
(15, 30)
(14, 30)
(14, 31)
(14, 32)
(15, 32)
(15, 33)
(14, 33)
(15, 33)
(15, 32)
(15, 33)
(16, 33)
(17, 33)
(17, 34)
(16, 34)
(16, 33)
(17, 33)
(17, 32)
(17, 31)
(18, 31)
(18, 32)
(19, 32)
(19, 31)
(19, 32)
(19, 31)
(18, 31)
(18, 32)
(18, 31)
(17, 31)
(17, 30)
(17, 29)
(17, 30)
(17, 29)
(16, 29)
(17, 29)
(17, 30)
(17, 31)
(17, 30)
(18, 30)
(18, 29)
(19, 29)
(19, 28)
(19, 29)
(19, 30)
(19, 31)
(19, 32)
(18, 32)
(18, 31)
(18, 32)
(17, 32)
(17, 33)
(18, 33)
(19, 33)
(18, 33)
(18, 32)
(18, 33)
(17, 33)
(16, 33)
(16, 34)
(15, 34)
(15, 33)
(14, 33)
(14, 34)
(14, 33)
(14, 34)
(14, 33)
(15, 33)
(14, 33)
(14, 34)
(15, 34)
(15, 35)
(16, 35)
(16, 34)
(17, 34)
(17, 33)
(18, 33)
(18, 32)
(18, 31)
(18, 30)
(18, 31)
(18, 32)
(18, 31)
(17, 31)
(18, 31)
(18, 30)
(17, 30)
(17, 29)
(17, 28)
(16, 28)
(16, 27)
(16, 28)
(16, 27)
(16, 26)
(16, 27)
(16, 26)
(15, 26)
(14, 26)
(15, 26)
(14, 26)
(14, 27)
(14, 28)
(14, 27)
(14, 26)
(14, 27)
(14, 26)
(15, 26)
(14, 26)
(14, 27)
(14, 26)
(14, 25)
(14, 26)
(14, 27)
(15, 27)
(16, 27)
(16, 28)
(16, 29)
(17, 29)
(16, 29)
(17, 29)
(17, 30)
(16, 30)
(16, 29)
(15, 29)
(14, 29)
(14, 28)
(15, 28)
(15, 29)
(15, 30)
(16, 30)
(17, 30)
(17, 31)
(17, 32)
(18, 32)
(17, 32)
(18, 32)
(19, 32)
(19, 31)
(19, 32)
(19, 33)
(18, 33)
(19, 33)
(19, 32)
(19, 31)
(19, 32)
(18, 32)
(17, 32)
(17, 31)
(17, 32)
(16, 32)
(16, 31)
(17, 31)
(16, 31)
(17, 31)
(16, 31)
(16, 32)
(16, 31)
(16, 30)
(15, 30)
(14, 30)
(15, 30)
(14, 30)
(14, 29)
(15, 29)
(15, 30)
(15, 29)
(15, 28)
(15, 27)
(14, 27)
(15, 27)
(16, 27)
(17, 27)
(17, 28)
(17, 27)
(17, 26)
(17, 27)
(17, 26)
(16, 26)
(16, 27)
(17, 27)
(18, 27)
(19, 27)
(18, 27)
(18, 26)
(18, 25)
(17, 25)
(18, 25)
(18, 24)
(17, 24)
(18, 24)
(19, 24)
(19, 25)
(19, 26)
(19, 25)
(19, 24)
(19, 23)
(19, 24)
(18, 24)
(17, 24)
(18, 24)
(17, 24)
(17, 23)
(16, 23)
(16, 22)
(15, 22)
(15, 23)
(15, 24)
(16, 24)
(16, 23)
(16, 24)
(16, 25)
(16, 24)
(16, 25)
(16, 24)
(17, 24)
(18, 24)
(19, 24)
(18, 24)
(18, 23)
(18, 22)
(18, 21)
(19, 21)
(19, 22)
(19, 23)
(18, 23)
(18, 22)
(19, 22)
(19, 23)
(19, 22)
(19, 23)
(19, 24)
(19, 23)
(19, 24)
(18, 24)
(18, 23)
(19, 23)
(19, 24)
(19, 25)
(19, 24)
(19, 25)
(18, 25)
(19, 25)
(19, 24)
(18, 24)
(17, 24)
(17, 25)
(16, 25)
(16, 24)
(16, 23)
(17, 23)
(16, 23)
(16, 24)
(16, 23)
(16, 22)
(16, 21)
(15, 21)
(16, 21)
(15, 21)
(15, 22)
(15, 23)
(15, 24)
(15, 25)
(14, 25)
(15, 25)
(16, 25)
(17, 25)
(16, 25)
(16, 26)
(16, 25)
(15, 25)
(15, 24)
(16, 24)
(17, 24)
(16, 24)
(17, 24)
(17, 23)
(16, 23)
(16, 24)
(16, 23)
(17, 23)
(17, 24)
(16, 24)
(16, 25)
(15, 25)
(15, 24)
(15, 25)
(15, 24)
(14, 24)
(15, 24)
(14, 24)
(14, 25)
(14, 24)
(14, 25)
(14, 26)
(14, 27)
(14, 26)
(14, 25)
(15, 25)
(14, 25)
(15, 25)
(16, 25)
(16, 24)
(16, 25)
(16, 26)
(16, 25)
(16, 24)
(15, 24)
(15, 23)
(15, 24)
(15, 23)
(16, 23)
(17, 23)
(17, 22)
(17, 21)
(17, 20)
(17, 19)
(17, 20)
(18, 20)
(18, 19)
(18, 18)
(19, 18)
(18, 18)
(18, 17)
(18, 16)
(19, 16)
(18, 16)
(19, 16)
(19, 17)
(18, 17)
(18, 18)
(19, 18)
(19, 19)
(19, 20)
(18, 20)
(19, 20)
(19, 21)
(19, 22)
(19, 21)
(18, 21)
(18, 22)
(19, 22)
(19, 21)
(18, 21)
(18, 20)
(18, 21)
(18, 20)
(18, 19)
(18, 18)
(17, 18)
(18, 18)
(18, 17)
(19, 17)
(19, 18)
(19, 17)
(19, 18)
(18, 18)
(18, 17)
(19, 17)
(18, 17)
(17, 17)
(17, 18)
(18, 18)
(17, 18)
(18, 18)
(17, 18)
(17, 17)
(18, 17)
(19, 17)
(19, 18)
(19, 19)
(18, 19)
(19, 19)
(19, 20)
(18, 20)
(18, 21)
(19, 21)
(19, 20)
(19, 19)
(18, 19)
(17, 19)
(17, 18)
(16, 18)
(15, 18)
(14, 18)
(15, 18)
(14, 18)
(14, 17)
(14, 16)
(13, 16)
(14, 16)
(14, 15)
(14, 14)
(14, 13)
(14, 14)
(14, 15)
(13, 15)
(13, 14)
(13, 13)
(14, 13)
(13, 13)
(13, 12)
(13, 11)
(13, 10)
(13, 9)
(13, 10)
(13, 11)
(14, 11)
(14, 12)
(15, 12)
(15, 13)
(15, 14)
(16, 14)
(17, 14)
(16, 14)
(17, 14)
(17, 13)
(18, 13)
(19, 13)
(18, 13)
(17, 13)
(17, 14)
(17, 13)
(16, 13)
(16, 12)
(16, 13)
(15, 13)
(16, 13)
(15, 13)
(16, 13)
(16, 12)
(15, 12)
(16, 12)
(17, 12)
(17, 11)
(17, 10)
(17, 9)
(17, 10)
(17, 11)
(17, 12)
(18, 12)
(19, 12)
(19, 11)
(18, 11)
(19, 11)
(19, 12)
(19, 13)
(18, 13)
(17, 13)
(17, 14)
(16, 14)
(17, 14)
(17, 13)
(18, 13)
(18, 12)
(19, 12)
(19, 13)
(18, 13)
(18, 14)
(18, 15)
(18, 14)
(19, 14)
(19, 15)
(19, 16)
(18, 16)
(18, 17)
(18, 16)
(19, 16)
(19, 15)
(18, 15)
(18, 14)
(18, 13)
(19, 13)
(18, 13)
(17, 13)
(17, 12)
(17, 13)
(17, 14)
(18, 14)
(17, 14)
(17, 13)
(17, 14)
(18, 14)
(19, 14)
(19, 13)
(19, 12)
(18, 12)
(18, 13)
(19, 13)
(19, 12)
(19, 11)
(18, 11)
(18, 12)
(18, 13)
(18, 12)
(19, 12)
(18, 12)
(19, 12)
(18, 12)
(17, 12)
(17, 11)
(17, 10)
(17, 11)
(16, 11)
(15, 11)
(15, 10)
(14, 10)
(14, 9)
(14, 10)
(15, 10)
(15, 11)
(14, 11)
(13, 11)
(13, 12)
(13, 13)
(13, 12)
(14, 12)
(13, 12)
(14, 12)
(13, 12)
(13, 11)
(14, 11)
(15, 11)
(14, 11)
(15, 11)
(14, 11)
(14, 12)
(13, 12)
(13, 13)
(13, 12)
(13, 11)
(13, 10)
(13, 9)
(13, 8)
(14, 8)
(14, 7)
(14, 6)
(14, 7)
(13, 7)
(13, 6)
(13, 7)
(13, 8)
(13, 7)
(13, 6)
(13, 7)
(13, 6)
(14, 6)
(13, 6)
(14, 6)
(13, 6)
(13, 5)
(13, 4)
(12, 4)
(13, 4)
(13, 3)
(12, 3)
(13, 3)
(14, 3)
(15, 3)
(15, 4)
(14, 4)
(15, 4)
(15, 3)
(14, 3)
(14, 4)
(13, 4)
(13, 5)
(13, 6)
(13, 5)
(13, 6)
(14, 6)
(14, 5)
(13, 5)
(13, 4)
(14, 4)
(13, 4)
(14, 4)
(14, 5)
(13, 5)
(13, 4)
(12, 4)
(12, 3)
(12, 2)
(13, 2)
(13, 3)
(14, 3)
(14, 2)
(15, 2)
(14, 2)
(15, 2)
(16, 2)
(16, 3)
(16, 2)
(15, 2)
(16, 2)
(17, 2)
(17, 3)
(17, 4)
(17, 5)
(17, 6)
(17, 7)
(17, 8)
(17, 9)
(18, 9)
(17, 9)
(17, 8)
(18, 8)
(18, 7)
(18, 8)
(18, 7)
(19, 7)
(19, 8)
(19, 7)
(18, 7)
(17, 7)
(18, 7)
(19, 7)
(18, 7)
(18, 8)
(17, 8)
(17, 9)
(18, 9)
(19, 9)
(19, 10)
(19, 9)
(19, 8)
(19, 9)
(18, 9)
(17, 9)
(17, 10)
(17, 9)
(17, 8)
(18, 8)
(18, 7)
(18, 8)
(17, 8)
(17, 9)
(17, 10)
(17, 9)
(18, 9)
(18, 10)
(17, 10)
(17, 9)
(18, 9)
(17, 9)
(17, 8)
(18, 8)
(19, 8)
(19, 9)
(19, 8)
(18, 8)
(19, 8)
(19, 7)
(18, 7)
(19, 7)
(18, 7)
(17, 7)
(17, 8)
(17, 9)
(17, 8)
(18, 8)
(17, 8)
(17, 9)
(18, 9)
(17, 9)
(18, 9)
(18, 10)
(18, 9)
(18, 8)
(18, 9)
(19, 9)
(19, 10)
(19, 11)
(19, 12)
(18, 12)
(17, 12)
(17, 11)
(17, 10)
(18, 10)
(18, 9)
(18, 10)
(18, 11)
(17, 11)
(16, 11)
(16, 12)
(15, 12)
(15, 13)
(16, 13)
(15, 13)
(15, 14)
(16, 14)
(17, 14)
(17, 13)
(17, 14)
(18, 14)
(17, 14)
(16, 14)
(15, 14)
(16, 14)
(17, 14)
(16, 14)
(17, 14)
(17, 13)
(17, 14)
(17, 13)
(18, 13)
(18, 12)
(17, 12)
(18, 12)
(18, 11)
(19, 11)
(18, 11)
(17, 11)
(17, 10)
(17, 11)
(17, 10)
(17, 11)
(18, 11)
(19, 11)
(18, 11)
(17, 11)
(17, 12)
(16, 12)
(15, 12)
(15, 13)
(15, 12)
(16, 12)
(17, 12)
(17, 11)
(16, 11)
(15, 11)
(16, 11)
(17, 11)
(17, 10)
(16, 10)
(16, 11)
(15, 11)
(15, 10)
(14, 10)
(15, 10)
(15, 11)
(14, 11)
(15, 11)
(14, 11)
(15, 11)
(15, 12)
(16, 12)
(15, 12)
(14, 12)
(13, 12)
(13, 13)
(13, 14)
(12, 14)
(13, 14)
(12, 14)
(12, 15)
(12, 14)
(12, 15)
(12, 16)
(11, 16)
(12, 16)
(11, 16)
(10, 16)
(11, 16)
(12, 16)
(13, 16)
(13, 15)
(13, 16)
(14, 16)
(14, 17)
(15, 17)
(14, 17)
(14, 18)
(15, 18)
(15, 19)
(16, 19)
(17, 19)
(18, 19)
(18, 18)
(18, 17)
(18, 18)
(18, 17)
(19, 17)
(19, 18)
(19, 17)
(19, 16)
(19, 15)
(19, 14)
(18, 14)
(18, 15)
(18, 16)
(19, 16)
(19, 15)
(19, 14)
(19, 13)
(19, 14)
(18, 14)
(19, 14)
(19, 15)
(18, 15)
(18, 14)
(18, 13)
(18, 12)
(18, 13)
(19, 13)
(19, 14)
(18, 14)
(17, 14)
(17, 13)
(17, 14)
(17, 13)
(18, 13)
(17, 13)
(17, 12)
(17, 11)
(18, 11)
(18, 10)
(17, 10)
(18, 10)
(18, 11)
(18, 10)
(18, 11)
(18, 12)
(17, 12)
(17, 13)
(17, 12)
(18, 12)
(19, 12)
(19, 11)
(19, 12)
(19, 11)
(18, 11)
(17, 11)
(17, 12)
(18, 12)
(17, 12)
(18, 12)
(18, 13)
(19, 13)
(19, 14)
(18, 14)
(19, 14)
(18, 14)
(18, 13)
(17, 13)
(17, 12)
(17, 11)
(18, 11)
(18, 12)
(19, 12)
(19, 11)
(18, 11)
(18, 12)
(18, 13)
(18, 12)
(17, 12)
(18, 12)
(18, 13)
(18, 12)
(18, 13)
(18, 14)
(18, 13)
(18, 12)
(18, 11)
(17, 11)
(17, 12)
(17, 13)
(18, 13)
(19, 13)
(19, 14)
(18, 14)
(18, 13)
(17, 13)
(17, 14)
(18, 14)
(18, 13)
(18, 12)
(18, 11)
(18, 12)
(18, 11)
(18, 12)
(18, 11)
(18, 10)
(19, 10)
(18, 10)
(19, 10)
(19, 9)
(19, 8)
(19, 7)
(18, 7)
(18, 8)
(18, 9)
(18, 8)
(17, 8)
(17, 9)
(17, 10)
(17, 9)
(17, 8)
(18, 8)
(17, 8)
(18, 8)
(19, 8)
(19, 9)
(18, 9)
(18, 10)
(17, 10)
(16, 10)
(17, 10)
(17, 9)
(17, 10)
(18, 10)
(18, 9)
(17, 9)
(18, 9)
(18, 10)
(18, 9)
(18, 10)
(18, 11)
(18, 12)
(19, 12)
(19, 13)
(18, 13)
(19, 13)
(18, 13)
(18, 12)
(18, 13)
(19, 13)
(19, 12)
(19, 11)
(19, 12)
(18, 12)
(18, 11)
(19, 11)
(19, 12)
(19, 11)
(19, 12)
(18, 12)
(18, 13)
(18, 12)
(18, 11)
(18, 12)
(18, 13)
(18, 14)
(17, 14)
(17, 13)
(18, 13)
(18, 14)
(18, 15)
(18, 14)
(19, 14)
(19, 13)
(18, 13)
(19, 13)
(19, 12)
(19, 13)
(19, 14)
(18, 14)
(19, 14)
(19, 13)
(18, 13)
(17, 13)
(16, 13)
(16, 12)
(16, 13)
(15, 13)
(14, 13)
(13, 13)
(13, 14)
(14, 14)
(14, 15)
(14, 16)
(14, 17)
(14, 16)
(15, 16)
(15, 15)
(14, 15)
(14, 16)
(14, 17)
(14, 18)
(15, 18)
(15, 19)
(15, 18)
(15, 17)
(15, 16)
(15, 15)
(15, 14)
(16, 14)
(17, 14)
(18, 14)
(18, 13)
(18, 14)
(19, 14)
(18, 14)
(18, 13)
(18, 12)
(19, 12)
(18, 12)
(19, 12)
(18, 12)
(19, 12)
(19, 13)
(19, 12)
(19, 11)
(18, 11)
(17, 11)
(17, 10)
(16, 10)
(17, 10)
(16, 10)
(16, 11)
(16, 10)
(16, 11)
(15, 11)
(16, 11)
(16, 10)
(17, 10)
(18, 10)
(18, 11)
(17, 11)
(18, 11)
(17, 11)
(16, 11)
(15, 11)
(15, 12)
(16, 12)
(16, 13)
(16, 12)
(15, 12)
(15, 11)
(16, 11)
(16, 10)
(17, 10)
(18, 10)
(17, 10)
(17, 11)
(18, 11)
(18, 10)
(19, 10)
(19, 11)
(19, 12)
(19, 11)
(19, 10)
(18, 10)
(19, 10)
(19, 9)
(18, 9)
(17, 9)
(17, 8)
(18, 8)
(17, 8)
(17, 7)
(17, 6)
(17, 7)
(17, 8)
(17, 9)
(17, 10)
(17, 9)
(17, 8)
(17, 7)
(18, 7)
(19, 7)
(19, 6)
(19, 5)
(18, 5)
(19, 5)
(19, 6)
(19, 7)
(19, 6)
(18, 6)
(18, 7)
(17, 7)
(18, 7)
(17, 7)
(18, 7)
(19, 7)
(18, 7)
(18, 8)
(18, 9)
(17, 9)
(18, 9)
(19, 9)
(18, 9)
(18, 8)
(18, 7)
(18, 6)
(19, 6)
(18, 6)
(19, 6)
(18, 6)
(19, 6)
(19, 7)
(19, 6)
(19, 5)
(18, 5)
(18, 6)
(17, 6)
(17, 5)
(17, 6)
(17, 7)
(17, 6)
(17, 7)
(18, 7)
(19, 7)
(19, 8)
(19, 7)
(19, 6)
(18, 6)
(18, 5)
(17, 5)
(18, 5)
(18, 4)
(18, 3)
(18, 4)
(18, 3)
(18, 4)
(18, 5)
(18, 6)
(19, 6)
(18, 6)
(18, 5)
(18, 6)
(18, 5)
(18, 4)
(19, 4)
(19, 3)
(18, 3)
(18, 4)
(19, 4)
(18, 4)
(19, 4)
(18, 4)
(19, 4)
(18, 4)
(18, 3)
(19, 3)
(19, 2)
(19, 3)
(19, 4)
(19, 5)
(19, 6)
(19, 5)
(18, 5)
(19, 5)
(18, 5)
(18, 6)
(17, 6)
(18, 6)
(18, 5)
(18, 4)
(17, 4)
(17, 3)
(18, 3)
(17, 3)
(16, 3)
(15, 3)
(14, 3)
(15, 3)
(14, 3)
(14, 2)
(15, 2)
(15, 1)
(15, 2)
(14, 2)
(14, 1)
(15, 1)
(16, 1)
(15, 1)
(15, 0)
(16, 0)
(15, 0)
(15, 1)
(16, 1)
(15, 1)
(15, 2)
(14, 2)
(13, 2)
(13, 3)
(13, 4)
(13, 3)
(13, 2)
(13, 3)
(13, 2)
(13, 1)
(14, 1)
(14, 2)
(14, 1)
(14, 2)
(13, 2)
(14, 2)
(15, 2)
(14, 2)
(14, 3)
(13, 3)
(13, 2)
(14, 2)
(13, 2)
(14, 2)
(14, 3)
(14, 2)
(13, 2)
(13, 3)
(12, 3)
(12, 2)
(13, 2)
(14, 2)
(14, 1)
(15, 1)
(15, 0)
(14, 0)
(14, 1)
(15, 1)
(16, 1)
(15, 1)
(15, 2)
(14, 2)
(14, 3)
(13, 3)
(13, 4)
(13, 5)
(14, 5)
(14, 4)
(15, 4)
(14, 4)
(14, 3)
(14, 4)
(15, 4)
(15, 3)
(15, 2)
(15, 1)
(15, 0)
(14, 0)
(14, 1)
(14, 0)
(14, 1)
(15, 1)
(15, 2)
(14, 2)
(14, 1)
(15, 1)
(16, 1)
(16, 2)
(17, 2)
(17, 1)
(17, 2)
(17, 1)
(17, 0)
(18, 0)
(18, 1)
(19, 1)
(19, 2)
(19, 1)
(18, 1)
(17, 1)
(16, 1)
(15, 1)
(15, 0)
(14, 0)
(15, 0)
(16, 0)
(15, 0)
(15, 1)
(14, 1)
(13, 1)
(12, 1)
(13, 1)
(13, 0)
(13, 1)
(12, 1)
(13, 1)
(14, 1)
(13, 1)
(14, 1)
(13, 1)
(13, 2)
(12, 2)
(12, 3)
(11, 3)
(12, 3)
(12, 4)
(11, 4)
(12, 4)
(12, 3)
(12, 4)
(11, 4)
(11, 3)
(12, 3)
(12, 2)
(12, 3)
(12, 4)
(12, 3)
(13, 3)
(14, 3)
(14, 2)
(15, 2)
(14, 2)
(15, 2)
(15, 1)
(15, 2)
(15, 3)
(15, 4)
(15, 5)
(15, 4)
(15, 5)
(16, 5)
(16, 4)
(17, 4)
(18, 4)
(18, 5)
(17, 5)
(18, 5)
(18, 4)
(18, 5)
(18, 6)
(17, 6)
(18, 6)
(17, 6)
(18, 6)
(18, 7)
(19, 7)
(18, 7)
(17, 7)
(18, 7)
(18, 6)
(18, 5)
(19, 5)
(19, 4)
(19, 3)
(18, 3)
(17, 3)
(18, 3)
(18, 4)
(19, 4)
(19, 5)
(18, 5)
(17, 5)
(18, 5)
(17, 5)
(18, 5)
(18, 6)
(18, 7)
(17, 7)
(17, 8)
(17, 7)
(18, 7)
(17, 7)
(17, 6)
(18, 6)
(17, 6)
(18, 6)
(17, 6)
(18, 6)
(17, 6)
(17, 7)
(17, 6)
(18, 6)
(18, 5)
(17, 5)
(18, 5)
(18, 4)
(19, 4)
(19, 3)
(19, 2)
(18, 2)
(18, 1)
(19, 1)
(18, 1)
(18, 0)
(18, 1)
(17, 1)
(16, 1)
(15, 1)
(16, 1)
(15, 1)
(16, 1)
(16, 0)
(17, 0)
(18, 0)
(19, 0)
(19, 1)
(19, 0)
(18, 0)
(18, 1)
(17, 1)
(17, 0)
(16, 0)
(17, 0)
(16, 0)
(15, 0)
(15, 1)
(14, 1)
(14, 0)
(14, 1)
(14, 0)
(15, 0)
(15, 1)
(16, 1)
(16, 2)
(15, 2)
(15, 3)
(14, 3)
(15, 3)
(16, 3)
(16, 2)
(15, 2)
(15, 3)
(15, 4)
(14, 4)
(15, 4)
(15, 5)
(15, 4)
(16, 4)
(16, 3)
(17, 3)
(18, 3)
(18, 2)
(19, 2)
(19, 3)
(19, 4)
(19, 3)
(18, 3)
(19, 3)
(19, 2)
(18, 2)
(17, 2)
(16, 2)
(16, 3)
(15, 3)
(15, 4)
(15, 5)
(16, 5)
(16, 4)
(15, 4)
(16, 4)
(15, 4)
(15, 5)
(16, 5)
(17, 5)
(18, 5)
(18, 6)
(17, 6)
(17, 7)
(17, 6)
(18, 6)
(18, 7)
(19, 7)
(19, 6)
(19, 7)
(19, 6)
(18, 6)
(18, 5)
(19, 5)
(19, 4)
(18, 4)
(19, 4)
(19, 3)
(19, 4)
(18, 4)
(19, 4)
(19, 3)
(18, 3)
(17, 3)
(18, 3)
(18, 4)
(18, 5)
(18, 4)
(18, 5)
(18, 4)
(17, 4)
(17, 3)
(17, 2)
(18, 2)
(17, 2)
(18, 2)
(18, 1)
(18, 0)
(18, 1)
(18, 2)
(19, 2)
(19, 1)
(18, 1)
(19, 1)
(19, 0)
(19, 1)
(19, 2)
(18, 2)
(18, 3)
(18, 4)
(18, 5)
(18, 4)
(18, 3)
(19, 3)
(18, 3)
(18, 4)
(18, 3)
(18, 2)
(17, 2)
(17, 3)
(17, 2)
(17, 1)
(16, 1)
(17, 1)
(16, 1)
(17, 1)
(16, 1)
(16, 0)
(17, 0)
(18, 0)
(18, 1)
(18, 2)
(18, 3)
(17, 3)
(17, 2)
(17, 1)
(17, 2)
(16, 2)
(15, 2)
(16, 2)
(16, 3)
(16, 2)
(16, 3)
(16, 2)
(16, 3)
(16, 4)
(15, 4)
(14, 4)
(13, 4)
(13, 5)
(14, 5)
(14, 4)
(13, 4)
(14, 4)
(14, 5)
(13, 5)
(13, 6)
(13, 5)
(14, 5)
(14, 4)
(14, 5)
(13, 5)
(13, 6)
(13, 7)
(13, 6)
(14, 6)
(14, 5)
(13, 5)
(13, 4)
(14, 4)
(14, 3)
(13, 3)
(13, 2)
(12, 2)
(12, 3)
(11, 3)
(11, 4)
(11, 3)
(11, 2)
(11, 3)
(11, 4)
(12, 4)
(13, 4)
(12, 4)
(11, 4)
(12, 4)
(11, 4)
(11, 3)
(12, 3)
(11, 3)
(11, 2)
(10, 2)
(10, 1)
(10, 0)
(10, 1)
(9, 1)
(10, 1)
(10, 0)
(11, 0)
(12, 0)
(13, 0)
(12, 0)
(13, 0)
(14, 0)
(14, 1)
(13, 1)
(13, 0)
(14, 0)
(15, 0)
(15, 1)
(15, 0)
(16, 0)
(15, 0)
(16, 0)
(16, 1)
(16, 0)
(17, 0)
(16, 0)
(15, 0)
(16, 0)
(17, 0)
(18, 0)
(18, 1)
(19, 1)
(19, 2)
(18, 2)
(17, 2)
(18, 2)
(18, 1)
(19, 1)
(19, 0)
(19, 1)
(19, 2)
(19, 1)
(19, 2)
(19, 1)
(19, 2)
(19, 3)
(18, 3)
(18, 4)
(19, 4)
(18, 4)
(17, 4)
(17, 3)
(16, 3)
(17, 3)
(17, 4)
(16, 4)
(15, 4)
(16, 4)
(17, 4)
(18, 4)
(18, 3)
(19, 3)
(18, 3)
(19, 3)
(19, 4)
(19, 3)
(19, 4)
(19, 5)
(19, 6)
(19, 7)
(18, 7)
(17, 7)
(17, 8)
(17, 9)
(17, 8)
(17, 9)
(18, 9)
(18, 10)
(17, 10)
(16, 10)
(16, 11)
(15, 11)
(16, 11)
(16, 10)
(17, 10)
(17, 11)
(17, 12)
(18, 12)
(18, 11)
(19, 11)
(18, 11)
(18, 12)
(18, 11)
(19, 11)
(18, 11)
(19, 11)
(18, 11)
(18, 10)
(19, 10)
(19, 11)
(19, 10)
(19, 9)
(19, 8)
(19, 9)
(18, 9)
(18, 8)
(18, 9)
(18, 10)
(18, 9)
(17, 9)
(18, 9)
(18, 10)
(18, 11)
(17, 11)
(17, 12)
(16, 12)
(17, 12)
(17, 13)
(17, 14)
(18, 14)
(17, 14)
(17, 13)
(16, 13)
(15, 13)
(16, 13)
(17, 13)
(16, 13)
(16, 14)
(15, 14)
(15, 15)
(14, 15)
(14, 14)
(13, 14)
(14, 14)
(14, 13)
(14, 12)
(14, 11)
(13, 11)
(13, 10)
(13, 9)
(13, 10)
(13, 11)
(14, 11)
(14, 12)
(15, 12)
(16, 12)
(15, 12)
(15, 11)
(15, 10)
(16, 10)
(17, 10)
(18, 10)
(18, 9)
(17, 9)
(17, 8)
(18, 8)
(17, 8)
(17, 9)
(18, 9)
(17, 9)
(17, 10)
(16, 10)
(16, 11)
(15, 11)
(14, 11)
(13, 11)
(13, 10)
(13, 11)
(14, 11)
(15, 11)
(16, 11)
(15, 11)
(16, 11)
(17, 11)
(17, 10)
(16, 10)
(16, 11)
(17, 11)
(18, 11)
(18, 12)
(19, 12)
(18, 12)
(17, 12)
(17, 11)
(17, 12)
(17, 11)
(17, 10)
(17, 9)
(17, 8)
(18, 8)
(17, 8)
(17, 7)
(18, 7)
(17, 7)
(17, 6)
(17, 5)
(17, 6)
(17, 5)
(17, 6)
(17, 5)
(18, 5)
(19, 5)
(18, 5)
(18, 6)
(19, 6)
(19, 7)
(19, 6)
(19, 7)
(19, 6)
(19, 5)
(18, 5)
(18, 6)
(18, 7)
(18, 6)
(18, 7)
(17, 7)
(17, 6)
(18, 6)
(18, 5)
(18, 4)
(18, 5)
(17, 5)
(17, 4)
(17, 3)
(16, 3)
(16, 4)
(16, 5)
(17, 5)
(17, 6)
(18, 6)
(17, 6)
(18, 6)
(19, 6)
(19, 7)
(19, 8)
(18, 8)
(18, 9)
(17, 9)
(18, 9)
(18, 8)
(17, 8)
(17, 9)
(17, 10)
(17, 11)
(17, 10)
(17, 11)
(17, 10)
(17, 9)
(17, 10)
(17, 11)
(17, 10)
(16, 10)
(15, 10)
(15, 11)
(15, 12)
(15, 13)
(16, 13)
(16, 12)
(17, 12)
(16, 12)
(16, 13)
(16, 12)
(16, 13)
(16, 14)
(15, 14)
(15, 15)
(14, 15)
(13, 15)
(14, 15)
(13, 15)
(13, 16)
(14, 16)
(14, 17)
(15, 17)
(15, 18)
(16, 18)
(16, 19)
(15, 19)
(15, 18)
(16, 18)
(15, 18)
(15, 17)
(16, 17)
(15, 17)
(15, 16)
(15, 17)
(16, 17)
(15, 17)
(16, 17)
(15, 17)
(16, 17)
(17, 17)
(18, 17)
(18, 16)
(19, 16)
(18, 16)
(19, 16)
(19, 15)
(19, 14)
(19, 15)
(19, 14)
(18, 14)
(18, 15)
(19, 15)
(18, 15)
(18, 14)
(18, 15)
(18, 14)
(18, 13)
(18, 12)
(19, 12)
(19, 11)
(19, 10)
(19, 11)
(19, 12)
(19, 13)
(19, 12)
(18, 12)
(18, 13)
(18, 14)
(17, 14)
(17, 13)
(16, 13)
(17, 13)
(18, 13)
(19, 13)
(19, 14)
(19, 13)
(19, 12)
(19, 11)
(18, 11)
(19, 11)
(18, 11)
(17, 11)
(18, 11)
(17, 11)
(17, 10)
(18, 10)
(19, 10)
(18, 10)
(18, 11)
(17, 11)
(17, 12)
(18, 12)
(18, 11)
(18, 12)
(18, 11)
(18, 12)
(18, 13)
(19, 13)
(19, 14)
(19, 13)
(19, 14)
(19, 13)
(18, 13)
(18, 12)
(19, 12)
(18, 12)
(19, 12)
(18, 12)
(17, 12)
(18, 12)
(17, 12)
(18, 12)
(19, 12)
(19, 11)
(18, 11)
(18, 12)
(18, 13)
(17, 13)
(18, 13)
(18, 14)
(18, 15)
(18, 16)
(18, 17)
(19, 17)
(18, 17)
(19, 17)
(19, 16)
(19, 15)
(19, 14)
(18, 14)
(18, 13)
(18, 12)
(18, 11)
(18, 12)
(18, 11)
(18, 12)
(18, 11)
(18, 10)
(18, 11)
(19, 11)
(19, 10)
(18, 10)
(17, 10)
(18, 10)
(17, 10)
(17, 11)
(17, 10)
(17, 11)
(16, 11)
(16, 12)
(17, 12)
(17, 13)
(18, 13)
(18, 14)
(18, 15)
(18, 14)
(18, 13)
(17, 13)
(18, 13)
(19, 13)
(18, 13)
(17, 13)
(17, 14)
(17, 13)
(16, 13)
(16, 12)
(16, 13)
(16, 12)
(16, 11)
(17, 11)
(17, 12)
(17, 11)
(17, 10)
(16, 10)
(15, 10)
(15, 11)
(15, 10)
(14, 10)
(14, 9)
(13, 9)
(14, 9)
(14, 8)
(13, 8)
(14, 8)
(14, 7)
(14, 6)
(14, 5)
(14, 6)
(14, 7)
(14, 6)
(14, 7)
(13, 7)
(13, 8)
(14, 8)
(14, 7)
(14, 8)
(13, 8)
(14, 8)
(13, 8)
(13, 7)
(14, 7)
(14, 6)
(13, 6)
(13, 7)
(13, 8)
(14, 8)
(14, 7)
(13, 7)
(14, 7)
(14, 8)
(14, 7)
(13, 7)
(13, 6)
(14, 6)
(14, 7)
(14, 8)
(14, 7)
(13, 7)
(14, 7)
(14, 8)
(14, 9)
(14, 10)
(14, 11)
(13, 11)
(13, 10)
(13, 11)
(13, 10)
(13, 11)
(13, 12)
(13, 11)
(13, 10)
(13, 11)
(13, 10)
(13, 9)
(13, 8)
(14, 8)
(14, 7)
(14, 8)
(13, 8)
(13, 7)
(13, 8)
(13, 7)
(13, 8)
(13, 7)
(13, 8)
(13, 7)
(14, 7)
(13, 7)
(14, 7)
(14, 6)
(14, 7)
(14, 8)
(13, 8)
(14, 8)
(13, 8)
(13, 7)
(13, 6)
(14, 6)
(14, 5)
(15, 5)
(16, 5)
(15, 5)
(16, 5)
(17, 5)
(17, 6)
(18, 6)
(18, 7)
(19, 7)
(19, 6)
(19, 7)
(18, 7)
(19, 7)
(19, 8)
(19, 9)
(19, 8)
(19, 9)
(19, 10)
(18, 10)
(18, 11)
(17, 11)
(16, 11)
(16, 12)
(16, 11)
(16, 10)
(16, 11)
(16, 10)
(17, 10)
(18, 10)
(18, 11)
(18, 10)
(17, 10)
(18, 10)
(18, 11)
(18, 10)
(18, 11)
(17, 11)
(17, 12)
(18, 12)
(17, 12)
(17, 11)
(17, 10)
(17, 9)
(17, 10)
(18, 10)
(19, 10)
(19, 9)
(19, 8)
(18, 8)
(19, 8)
(19, 9)
(19, 8)
(19, 7)
(19, 8)
(19, 9)
(19, 10)
(19, 11)
(19, 12)
(19, 13)
(19, 14)
(18, 14)
(18, 13)
(19, 13)
(19, 12)
(18, 12)
(17, 12)
(16, 12)
(16, 11)
(16, 10)
(17, 10)
(17, 11)
(17, 10)
(16, 10)
(15, 10)
(14, 10)
(13, 10)
(14, 10)
(14, 11)
(14, 12)
(14, 11)
(13, 11)
(14, 11)
(14, 12)
(15, 12)
(15, 13)
(15, 14)
(15, 15)
(15, 14)
(14, 14)
(14, 13)
(14, 14)
(14, 15)
(13, 15)
(14, 15)
(13, 15)
(13, 14)
(13, 15)
(14, 15)
(13, 15)
(13, 16)
(14, 16)
(14, 15)
(13, 15)
(13, 16)
(13, 15)
(12, 15)
(12, 16)
(13, 16)
(14, 16)
(15, 16)
(15, 17)
(16, 17)
(16, 18)
(16, 17)
(15, 17)
(16, 17)
(15, 17)
(16, 17)
(16, 18)
(16, 19)
(16, 20)
(17, 20)
(18, 20)
(18, 21)
(17, 21)
(18, 21)
(17, 21)
(18, 21)
(17, 21)
(17, 22)
(17, 21)
(18, 21)
(17, 21)
(17, 20)
(17, 19)
(16, 19)
(16, 18)
(15, 18)
(16, 18)
(16, 19)
(17, 19)
(17, 18)
(17, 17)
(18, 17)
(17, 17)
(17, 18)
(17, 17)
(18, 17)
(19, 17)
(18, 17)
(18, 16)
(18, 17)
(19, 17)
(19, 18)
(19, 19)
(18, 19)
(18, 20)
(18, 19)
(17, 19)
(18, 19)
(19, 19)
(19, 18)
(19, 19)
(19, 20)
(19, 19)
(19, 20)
(19, 21)
(19, 22)
(19, 21)
(18, 21)
(19, 21)
(19, 20)
(19, 19)
(18, 19)
(19, 19)
(18, 19)
(18, 18)
(19, 18)
(19, 17)
(18, 17)
(17, 17)
(16, 17)
(16, 18)
(15, 18)
(16, 18)
(16, 19)
(15, 19)
(14, 19)
(14, 18)
(15, 18)
(15, 17)
(15, 18)
(15, 17)
(16, 17)
(17, 17)
(16, 17)
(15, 17)
(15, 16)
(14, 16)
(15, 16)
(15, 15)
(14, 15)
(14, 14)
(14, 15)
(13, 15)
(14, 15)
(14, 14)
(13, 14)
(14, 14)
(14, 13)
(13, 13)
(13, 12)
(13, 11)
(14, 11)
(13, 11)
(13, 10)
(13, 9)
(13, 10)
(14, 10)
(14, 11)
(13, 11)
(13, 12)
(13, 11)
(13, 10)
(13, 9)
(14, 9)
(14, 8)
(14, 9)
(13, 9)
(13, 8)
(13, 7)
(13, 6)
(13, 5)
(13, 6)
(14, 6)
(14, 5)
(13, 5)
(13, 6)
(14, 6)
(14, 7)
(13, 7)
(13, 8)
(13, 9)
(13, 10)
(13, 9)
(14, 9)
(14, 10)
(13, 10)
(13, 11)
(13, 12)
(13, 13)
(13, 14)
(13, 15)
(14, 15)
(14, 14)
(14, 15)
(14, 16)
(13, 16)
(12, 16)
(12, 15)
(12, 16)
(12, 15)
(11, 15)
(11, 14)
(12, 14)
(11, 14)
(11, 15)
(10, 15)
(10, 16)
(11, 16)
(11, 15)
(11, 16)
(10, 16)
(9, 16)
(10, 16)
(11, 16)
(12, 16)
(12, 15)
(11, 15)
(10, 15)
(11, 15)
(11, 16)
(12, 16)
(13, 16)
(13, 15)
(12, 15)
(12, 16)
(12, 15)
(12, 14)
(12, 15)
(11, 15)
(11, 14)
(11, 15)
(11, 16)
(10, 16)
(11, 16)
(12, 16)
(12, 15)
(12, 14)
(13, 14)
(13, 15)
(14, 15)
(15, 15)
(14, 15)
(14, 14)
(14, 13)
(15, 13)
(15, 14)
(15, 15)
(15, 14)
(15, 15)
(15, 16)
(14, 16)
(13, 16)
(12, 16)
(11, 16)
(10, 16)
(9, 16)
(10, 16)
(11, 16)
(11, 15)
(10, 15)
(10, 14)
(11, 14)
(12, 14)
(11, 14)
(11, 15)
(10, 15)
(11, 15)
(11, 14)
(10, 14)
(10, 15)
(11, 15)
(12, 15)
(12, 14)
(12, 15)
(11, 15)
(11, 16)
(10, 16)
(11, 16)
(10, 16)
(10, 15)
(10, 16)
(11, 16)
(11, 15)
(11, 16)
(12, 16)
(11, 16)
(10, 16)
(9, 16)
(8, 16)
(7, 16)
(7, 15)
(6, 15)
(5, 15)
(4, 15)
(4, 14)
(5, 14)
(5, 13)
(5, 12)
(5, 11)
(5, 10)
(4, 10)
(4, 9)
(4, 10)
(4, 9)
(4, 8)
(5, 8)
(5, 9)
(5, 10)
(5, 9)
(4, 9)
(5, 9)
(4, 9)
(4, 8)
(5, 8)
(4, 8)
(4, 7)
(4, 6)
(5, 6)
(4, 6)
(5, 6)
(4, 6)
(5, 6)
(5, 7)
(5, 6)
(4, 6)
(5, 6)
(5, 7)
(5, 6)
(5, 5)
(5, 6)
(4, 6)
(5, 6)
(4, 6)
(4, 5)
(3, 5)
(3, 6)
(2, 6)
(2, 5)
(3, 5)
(4, 5)
(4, 4)
(4, 5)
(4, 6)
(4, 5)
(3, 5)
(2, 5)
(2, 6)
(1, 6)
(2, 6)
(1, 6)
(1, 7)
(0, 7)
(0, 8)
(1, 8)
(1, 9)
(2, 9)
(1, 9)
(1, 10)
(1, 11)
(1, 12)
(1, 13)
(1, 12)
(1, 13)
(0, 13)
(0, 12)
(0, 11)
(1, 11)
(1, 12)
(1, 11)
(1, 12)
(2, 12)
(1, 12)
(1, 13)
(2, 13)
(1, 13)
(2, 13)
(2, 12)
(3, 12)
(4, 12)
(3, 12)
(4, 12)
(3, 12)
(2, 12)
(2, 13)
(2, 14)
(3, 14)
(3, 15)
(4, 15)
(3, 15)
(4, 15)
(3, 15)
(3, 14)
(3, 13)
(2, 13)
(2, 12)
(3, 12)
(3, 13)
(3, 14)
(3, 13)
(2, 13)
(2, 12)
(2, 13)
(1, 13)
(0, 13)
(1, 13)
(1, 12)
(2, 12)
(2, 13)
(2, 12)
(1, 12)
(1, 13)
(1, 12)
(1, 13)
(2, 13)
(2, 14)
(3, 14)
(3, 15)
(3, 16)
(2, 16)
(1, 16)
(1, 17)
(0, 17)
(1, 17)
(1, 18)
(0, 18)
(0, 17)
(1, 17)
(0, 17)
(0, 16)
(1, 16)
(1, 15)
(2, 15)
(1, 15)
(0, 15)
(0, 16)
(0, 17)
(0, 18)
(1, 18)
(1, 17)
(1, 18)
(0, 18)
(0, 17)
(0, 18)
(0, 19)
(0, 20)
(0, 19)
(0, 20)
(1, 20)
(0, 20)
(1, 20)
(1, 21)
(1, 20)
(1, 21)
(1, 22)
(1, 21)
(1, 22)
(1, 23)
(1, 22)
(1, 23)
(1, 24)
(1, 23)
(1, 22)
(1, 21)
(1, 20)
(0, 20)
(0, 19)
(0, 20)
(0, 19)
(0, 20)
(0, 21)
(1, 21)
(1, 20)
(1, 21)
(0, 21)
(0, 20)
(0, 19)
(0, 20)
(0, 21)
(0, 22)
(1, 22)
(1, 21)
(0, 21)
(1, 21)
(1, 20)
(1, 21)
(1, 22)
(1, 21)
(1, 20)
(0, 20)
(1, 20)
(1, 19)
(0, 19)
(0, 20)
(0, 21)
(0, 22)
(0, 23)
(0, 22)
(1, 22)
(0, 22)
(0, 23)
(0, 22)
(1, 22)
(1, 23)
(1, 22)
(0, 22)
(0, 23)
(0, 22)
(1, 22)
(0, 22)
(0, 21)
(0, 22)
(0, 23)
(0, 22)
(0, 23)
(0, 24)
(0, 25)
(0, 24)
(1, 24)
(1, 25)
(1, 24)
(0, 24)
(0, 23)
(0, 22)
(0, 21)
(0, 22)
(0, 21)
(0, 22)
(0, 21)
(0, 22)
(0, 21)
(0, 22)
(0, 23)
(0, 24)
(1, 24)
(1, 25)
(1, 24)
(1, 25)
(1, 26)
(1, 25)
(0, 25)
(0, 26)
(1, 26)
(1, 27)
(0, 27)
(0, 28)
(1, 28)

Cart:
W -> D -> M -> 

Steps: 
6500

00000001100111011111111111111000000000000000000000
00000011111111011111111111111000000000000000000000
00000110010011111XQVYRBHQGYOMLXUZHCQADWVHZB0000000
00000110000011111Y                        Z0000000
00001111111010110S                        D0000000
00000111111111110V                        Q1111000
00000ZYKPIWOVZ010T                        R0111000
00000N       O011Q                        K0111000
00000Y       I001S                        Z0011000
01000M       Y001A                        A0111110
11100E       K111Z                        Q1111010
10111Z       U111O                        L1111000
11111LWDFJBLRZ111Q                        I1111111
11111111111111111KXNDXQZUYYWWZOZUGUNYEHXGHX1111111
11111111111111111111111111111111111111111111111111
111111JJGX1111111111111111111111111111111111111110
111111GGLU11111GT11111111111111111111111111TAY1110
111111111111111IH11111111111111111111111111SAK1111
11111111111111111111111111111111111111111111111111
11111111111111111111111111111111111111111111111110
