0.000000 0.000000 0.282429 0.313810 0.348678 0.387420 0.430467 0.478297 0.531441 0.590490 0.000000 0.000000 0.000000 0.000000 0.000000 0.000000 0.000000 0.000000 0.000000 0.000000 0.000000 0.000000 0.000000 0.000000 0.000000 0.000000 0.000000 0.000000 0.000000 0.000000 0.000000 0.000000 0.000000 0.000000 0.000000 0.000000 0.000000 0.000000 0.000000 0.000000 0.000000 0.030903 0.027813 0.025032 0.022528 0.020275 0.018248 0.016423 0.014782 0.013303 
0.000000 0.000000 0.313810 0.348678 0.387420 0.430467 0.478297 0.531441 0.590490 0.656100 0.729000 0.810000 0.729000 0.656100 0.590490 0.531441 0.478297 0.430467 0.387421 0.348678 0.313810 0.282429 0.254186 0.228767 0.205891 0.185301 0.166771 0.150095 0.135085 0.121577 0.109419 0.098477 0.088629 0.079766 0.071789 0.064610 0.058149 0.052334 0.047101 0.042391 0.038152 0.034337 0.030903 0.027813 0.025031 0.022529 0.020276 0.018248 0.016423 0.014782 
0.000000 0.000000 0.348678 0.387420 0.430467 0.478297 0.531441 0.590490 0.656100 0.729000 0.810000 0.900000 0.810000 0.729000 0.656100 0.590490 0.531441 0.478297 0.430467 0.387420 0.348678 0.313810 0.282429 0.254186 0.228767 0.205891 0.185301 0.166772 0.150095 0.135085 0.121577 0.109419 0.098477 0.071789 0.079766 0.071789 0.064610 0.058149 0.052334 0.047101 0.042391 0.038152 0.027813 0.030903 0.027813 0.020276 0.022529 0.020275 0.014781 0.013303 
0.000000 0.000000 0.313810 0.348678 0.387420 0.430467 0.478297 0.531441 0.590490 0.656100 0.000000 1.000000 0.000000 0.000000 0.000000 0.000000 0.000000 0.000000 0.000000 0.000000 0.000000 0.000000 0.000000 0.000000 0.000000 0.000000 0.000000 0.000000 0.000000 0.000000 0.000000 0.000000 0.000000 0.000000 0.000000 0.000000 0.000000 0.000000 0.000000 0.000000 0.000000 0.027813 0.030903 0.027813 0.025032 0.022529 0.020276 0.014781 0.013304 0.011973 
0.000000 0.000000 0.282429 0.313810 0.348678 0.387420 0.430467 0.478297 0.531441 0.590490 0.000000 0.000000 0.000000 0.000000 0.000000 0.000000 0.000000 0.000000 0.000000 0.000000 0.000000 0.000000 0.000000 0.000000 0.000000 0.000000 0.000000 0.000000 0.000000 0.000000 0.000000 0.000000 0.000000 0.000000 0.000000 0.000000 0.000000 0.000000 0.000000 0.000000 0.000000 0.030903 0.027813 0.025031 0.022529 0.020276 0.014782 0.013303 0.014781 0.010776 
0.000000 0.000000 0.254186 0.282429 0.313810 0.348678 0.387420 0.430467 0.478297 0.531441 0.000000 0.000000 0.000000 0.000000 0.000000 0.000000 0.000000 0.000000 0.000000 0.000000 0.000000 0.000000 0.000000 0.000000 0.000000 0.000000 0.000000 0.000000 0.000000 0.000000 0.000000 0.000000 0.000000 0.000000 0.000000 0.000000 0.000000 0.000000 0.000000 0.000000 0.000000 0.027813 0.025032 0.022529 0.020276 0.018248 0.016424 0.011972 0.010776 0.009698 
0.000000 0.000000 0.228767 0.254186 0.282429 0.313810 0.348678 0.387420 0.430467 0.478297 0.000000 0.000000 0.000000 0.000000 0.000000 0.000000 0.000000 0.000000 0.000000 0.000000 0.000000 0.000000 0.000000 0.000000 0.000000 0.000000 0.000000 0.000000 0.000000 0.000000 0.000000 0.000000 0.000000 0.000000 0.000000 0.000000 0.000000 0.000000 0.000000 0.000000 0.000000 0.025031 0.022529 0.020276 0.014781 0.016423 0.014781 0.010776 0.009697 0.008729 
0.000000 0.000000 0.205890 0.228767 0.254186 0.282429 0.313810 0.348678 0.387420 0.430467 0.387420 0.348678 0.313810 0.282429 0.254186 0.228767 0.205890 0.185301 0.166771 0.150094 0.135085 0.121577 0.109419 0.098477 0.088629 0.079766 0.071789 0.064610 0.058149 0.052334 0.047101 0.042391 0.038152 0.034337 0.030903 0.027813 0.025031 0.022528 0.020276 0.018248 0.020276 0.022529 0.020276 0.018248 0.016424 0.011973 0.013303 0.009698 0.008727 0.007856 
0.000000 0.000000 0.185301 0.205890 0.228767 0.254186 0.282429 0.313810 0.348678 0.387420 0.000000 0.000000 0.000000 0.000000 0.000000 0.000000 0.000000 0.000000 0.000000 0.000000 0.000000 0.000000 0.000000 0.000000 0.000000 0.000000 0.000000 0.000000 0.000000 0.000000 0.000000 0.000000 0.000000 0.000000 0.000000 0.000000 0.000000 0.000000 0.000000 0.000000 0.000000 0.020276 0.018248 0.013303 0.014781 0.013303 0.009698 0.008728 0.007855 0.007070 
0.000000 0.000000 0.166771 0.185301 0.205890 0.228767 0.254186 0.282429 0.313810 0.348678 0.000000 0.000000 0.000000 0.000000 0.000000 0.000000 0.000000 0.000000 0.000000 0.000000 0.000000 0.000000 0.000000 0.000000 0.000000 0.000000 0.000000 0.000000 0.000000 0.000000 0.000000 0.000000 0.000000 0.000000 0.000000 0.000000 0.000000 0.000000 0.000000 0.000000 0.000000 0.018248 0.016423 0.011973 0.013303 0.011973 0.008728 0.007855 0.007070 0.006363 
0.121576 0.135085 0.150094 0.166771 0.185301 0.205891 0.228767 0.254186 0.282429 0.313810 0.000000 0.000000 0.000000 0.000000 0.000000 0.000000 0.000000 0.000000 0.000000 0.000000 0.000000 0.000000 0.000000 0.000000 0.000000 0.000000 0.000000 0.000000 0.000000 0.000000 0.000000 0.000000 0.000000 0.000000 0.000000 0.000000 0.000000 0.000000 0.000000 0.000000 0.000000 0.016423 0.014781 0.010777 0.009698 0.008729 0.007855 0.007070 0.006363 0.005727 
0.109419 0.121577 0.135085 0.150094 0.166771 0.185301 0.205890 0.228767 0.254186 0.282429 0.000000 0.000000 0.000000 0.000000 0.000000 0.000000 0.000000 0.000000 0.000000 0.000000 0.000000 0.000000 0.000000 0.000000 0.000000 0.000000 0.000000 0.000000 0.000000 0.000000 0.000000 0.000000 0.000000 0.000000 0.000000 0.000000 0.000000 0.000000 0.000000 0.000000 0.000000 0.014781 0.013303 0.009697 0.008729 0.007856 0.007070 0.006363 0.005727 0.005154 
0.098477 0.109419 0.121577 0.135085 0.150094 0.166771 0.185301 0.205890 0.228767 0.254186 0.228767 0.205891 0.185301 0.166771 0.150095 0.135085 0.121577 0.109419 0.098477 0.000000 0.079766 0.000000 0.000000 0.000000 0.000627 0.000697 0.000955 0.001061 0.002219 0.002465 0.003381 0.003757 0.004174 0.004638 0.005154 0.005727 0.006363 0.007070 0.007855 0.008728 0.009698 0.010777 0.009698 0.008728 0.007855 0.007070 0.006362 0.005727 0.005154 0.004639 
0.088629 0.098477 0.109419 0.121577 0.135085 0.150095 0.166771 0.185302 0.205890 0.228767 0.000000 0.000000 0.000000 0.000000 0.000000 0.000000 0.000000 0.000000 0.000000 0.000000 0.000000 0.000000 0.000000 0.000000 0.000000 0.000000 0.000000 0.000000 0.000000 0.000000 0.000000 0.000000 0.000000 0.000000 0.000000 0.000000 0.000000 0.000000 0.000000 0.000000 0.000000 0.009699 0.008728 0.007855 0.007070 0.006362 0.005727 0.005154 0.004639 0.004174 
0.079766 0.088629 0.098477 0.109419 0.121577 0.135085 0.150094 0.166771 0.185301 0.205890 0.000000 0.000000 0.000000 0.000000 0.000000 0.000000 0.000000 0.000000 0.000000 0.000000 0.000000 0.000000 0.000000 0.000000 0.000000 0.000000 0.000000 0.000000 0.000000 0.000000 0.000000 0.000000 0.000000 0.000000 0.000000 0.000000 0.000000 0.000000 0.000000 0.000000 0.000000 0.008729 0.007855 0.007070 0.006363 0.005727 0.005154 0.004639 0.004175 0.003757 
0.071789 0.079766 0.088629 0.098477 0.109419 0.121577 0.135085 0.150094 0.166771 0.185301 0.000000 0.000000 0.000000 0.000000 0.000000 0.000000 0.000000 0.000000 0.000000 0.000000 0.000000 0.000000 0.000000 0.000000 0.000000 0.000000 0.000000 0.000000 0.000000 0.000000 0.000000 0.000000 0.000000 0.000000 0.000000 0.000000 0.000000 0.000000 0.000000 0.000000 0.000000 0.007854 0.007070 0.006363 0.005727 0.005154 0.004639 0.004175 0.003757 0.003382 
0.064610 0.071790 0.079766 0.088629 0.098477 0.109419 0.121577 0.135085 0.150094 0.166771 0.000000 0.000000 0.000000 0.000000 0.000000 0.000000 0.000000 0.000000 0.000000 0.000000 0.000000 0.000000 0.000000 0.000000 0.000000 0.000000 0.000000 0.000000 0.000000 0.000000 0.000000 0.000000 0.000000 0.000000 0.000000 0.000000 0.000000 0.000000 0.000000 0.000000 0.000000 0.007070 0.006362 0.005727 0.005154 0.004639 0.004175 0.003757 0.003382 0.003044 
0.058149 0.064610 0.071789 0.079766 0.088629 0.098477 0.109419 0.121577 0.135085 0.150094 0.135085 0.121577 0.109419 0.098477 0.088629 0.079766 0.071789 0.064610 0.058149 0.052334 0.047101 0.042391 0.038152 0.034337 0.030903 0.027813 0.025032 0.022529 0.020276 0.018248 0.016423 0.014781 0.013303 0.011973 0.010776 0.009698 0.008728 0.007855 0.007070 0.006363 0.005727 0.006363 0.005727 0.005154 0.004639 0.004175 0.003757 0.003381 0.003044 0.002740 
0.052334 0.058149 0.064610 0.071789 0.000000 0.088629 0.098477 0.109419 0.121577 0.109419 0.000000 0.000000 0.000000 0.000000 0.000000 0.000000 0.000000 0.000000 0.000000 0.000000 0.000000 0.000000 0.000000 0.000000 0.000000 0.000000 0.000000 0.000000 0.000000 0.000000 0.000000 0.000000 0.000000 0.000000 0.000000 0.000000 0.000000 0.000000 0.000000 0.000000 0.000000 0.005727 0.005154 0.004639 0.004175 0.003757 0.003381 0.003044 0.002740 0.002465 
0.000000 0.000000 0.000000 0.000000 0.000000 0.000000 0.000000 0.000000 0.000000 0.000000 0.000000 0.000000 0.000000 0.000000 0.000000 0.000000 0.000000 0.000000 0.000000 0.000000 0.000000 0.000000 0.000000 0.000000 0.000000 0.000000 0.000000 0.000000 0.000000 0.000000 0.000000 0.000000 0.000000 0.000000 0.000000 0.000000 0.000000 0.000000 0.000000 0.000000 0.000000 0.000000 0.000000 0.000000 0.000000 0.000000 0.000000 0.000000 0.000000 0.000000 
