0.000000 0.000000 0.000000 0.000000 0.000000 0.098477 0.000000 0.098477 0.000000 0.000000 0.071789 0.000000 0.000000 0.000000 0.000000 0.042391 0.000000 0.000000 0.000000 0.000000 0.000000 0.000000 0.000000 0.000000 0.000000 0.000000 0.000000 0.000000 0.000000 0.000000 0.000000 0.000000 0.000000 0.000000 0.000000 0.000000 0.000000 0.000000 0.000000 0.000000 0.000000 0.000000 0.000000 0.000000 0.000000 0.000000 0.000000 0.000000 0.000000 0.000000 
0.000000 0.000000 0.000000 0.000000 0.000000 0.000000 0.121577 0.109419 0.000000 0.109419 0.000000 0.000000 0.079766 0.000000 0.000000 0.058149 0.052334 0.000000 0.042391 0.000000 0.034337 0.025032 0.000000 0.000000 0.000000 0.000000 0.000000 0.000000 0.000000 0.000000 0.000000 0.000000 0.000000 0.000000 0.000000 0.000000 0.000000 0.000000 0.000000 0.000000 0.000000 0.000000 0.000000 0.000000 0.000000 0.000000 0.000000 0.000000 0.000000 0.000000 
0.000000 0.000000 0.000000 0.000000 0.000000 0.150094 0.166771 0.150094 0.135085 0.079766 0.109419 0.098477 0.088629 0.079766 0.071789 0.064610 0.058149 0.052334 0.047101 0.042391 0.038152 0.034337 0.030903 0.000000 0.000000 0.000000 0.000000 0.000000 0.000000 0.000000 0.000000 0.000000 0.000000 0.000000 0.000000 0.003381 0.000000 0.000000 0.000000 0.000000 0.000000 0.000000 0.000000 0.000000 0.000000 0.000000 0.000000 0.000000 0.000000 0.000000 
0.000000 0.000000 0.000000 0.000000 0.185301 0.166771 0.185301 0.166771 0.098476 0.135085 0.121577 0.109419 0.098477 0.088629 0.079766 0.071789 0.052334 0.047101 0.042391 0.038152 0.034337 0.030903 0.027813 0.020276 0.018248 0.016423 0.014781 0.008728 0.011973 0.010776 0.009698 0.008728 0.007855 0.007070 0.006363 0.005727 0.005154 0.004639 0.004175 0.003757 0.003381 0.003043 0.002739 0.000000 0.000000 0.000000 0.000000 0.000000 0.000000 0.000000 
0.000000 0.000000 0.000000 0.185301 0.205890 0.228767 0.205890 0.185301 0.166771 0.150094 0.135085 0.121577 0.088629 0.079766 0.071789 0.064610 0.038152 0.042391 0.038152 0.034337 0.030903 0.027813 0.025032 0.022529 0.020276 0.018248 0.016423 0.014781 0.013303 0.011973 0.010776 0.009698 0.008728 0.007855 0.007070 0.006363 0.005727 0.005154 0.004639 0.004175 0.003757 0.003381 0.003043 0.002739 0.002465 0.002219 0.000000 0.000000 0.000000 0.000000 
0.000000 0.000000 0.000000 0.000000 0.228767 0.254186 0.228767 0.000000 0.000000 0.000000 0.000000 0.000000 0.000000 0.000000 0.000000 0.000000 0.000000 0.000000 0.000000 0.000000 0.000000 0.000000 0.000000 0.000000 0.000000 0.016423 0.014781 0.013303 0.011973 0.010776 0.009698 0.008728 0.007855 0.007070 0.006363 0.005727 0.005154 0.004639 0.004175 0.003757 0.003381 0.003043 0.002739 0.002465 0.002219 0.001997 0.000000 0.000000 0.000000 0.000000 
0.000000 0.000000 0.000000 0.000000 0.254186 0.282429 0.254186 0.000000 0.000000 0.000000 0.000000 0.000000 0.000000 0.000000 0.000000 0.000000 0.000000 0.000000 0.000000 0.000000 0.000000 0.000000 0.000000 0.000000 0.000000 0.014782 0.010776 0.000000 0.010776 0.009698 0.005727 0.000000 0.005727 0.006363 0.005727 0.000000 0.004639 0.000000 0.003757 0.003381 0.003043 0.002739 0.002465 0.002219 0.001997 0.001797 0.000000 0.000000 0.000000 0.000000 
0.000000 0.254186 0.000000 0.254186 0.282429 0.313810 0.282429 0.000000 0.000000 0.000000 0.000000 0.000000 0.000000 0.000000 0.000000 0.000000 0.000000 0.000000 0.000000 0.000000 0.000000 0.000000 0.000000 0.000000 0.000000 0.000000 0.000000 0.000000 0.000000 0.000000 0.000000 0.000000 0.000000 0.000000 0.000000 0.000000 0.000000 0.000000 0.000000 0.000000 0.000000 0.002465 0.002219 0.001997 0.001797 0.001617 0.000000 0.000000 0.000000 0.000000 
0.000000 0.000000 0.313810 0.348678 0.313810 0.348678 0.313810 0.000000 0.000000 0.000000 0.000000 0.000000 0.000000 0.000000 0.000000 0.000000 0.000000 0.000000 0.000000 0.000000 0.000000 0.000000 0.000000 0.000000 0.000000 0.000000 0.000000 0.000000 0.000000 0.000000 0.000000 0.000000 0.000000 0.000000 0.000000 0.000000 0.000000 0.000000 0.000000 0.000000 0.000000 0.002219 0.001997 0.001797 0.001617 0.001455 0.000000 0.000000 0.000000 0.000000 
0.000000 0.000000 0.000000 0.387420 0.348678 0.387420 0.348678 0.000000 0.000000 0.000000 0.000000 0.000000 0.000000 0.000000 0.000000 0.000000 0.000000 0.000000 0.000000 0.000000 0.000000 0.000000 0.000000 0.000000 0.000000 0.000000 0.000000 0.000000 0.000000 0.000000 0.000000 0.000000 0.000000 0.000000 0.000000 0.000000 0.000000 0.000000 0.000000 0.000000 0.000000 0.000000 0.001797 0.001617 0.001455 0.001310 0.000000 0.000000 0.000000 0.000000 
0.000000 0.000000 0.000000 0.430467 0.387420 0.430467 0.387420 0.000000 0.000000 0.000000 0.000000 0.000000 0.000000 0.000000 0.000000 0.000000 0.000000 0.000000 0.000000 0.000000 0.000000 0.000000 0.000000 0.000000 0.000000 0.000000 0.000000 0.000000 0.000000 0.000000 0.000000 0.000000 0.000000 0.000000 0.000000 0.000000 0.000000 0.000000 0.000000 0.000000 0.000000 0.001797 0.001617 0.001455 0.001310 0.001179 0.000000 0.000000 0.000000 0.000000 
0.000000 0.387420 0.000000 0.478297 0.430467 0.478297 0.430467 0.000000 0.000000 0.000000 0.000000 0.000000 0.000000 0.000000 0.000000 0.000000 0.000000 0.000000 0.000000 0.000000 0.000000 0.000000 0.000000 0.000000 0.000000 0.000000 0.000000 0.000000 0.000000 0.000000 0.000000 0.000000 0.000000 0.000000 0.000000 0.000000 0.000000 0.000000 0.000000 0.000000 0.000000 0.000000 0.000000 0.000000 0.000000 0.000000 0.000000 0.000000 0.000000 0.000000 
0.000000 0.000000 0.000000 0.531441 0.478297 0.531441 0.478297 0.348678 0.000000 0.000000 0.000000 0.000000 0.000000 0.000000 0.000000 0.000000 0.000000 0.000000 0.000000 0.000000 0.000000 0.000000 0.000000 0.000000 0.000000 0.000000 0.000000 0.000000 0.000000 0.000000 0.000000 0.000000 0.000000 0.000000 0.000000 0.000000 0.000000 0.000000 0.000000 0.000000 0.000000 0.000000 0.000000 0.000000 0.000000 0.000000 0.000000 0.000000 0.000000 0.000000 
0.000000 0.000000 0.531441 0.590490 0.531441 0.590490 0.531441 0.000000 0.430467 0.000000 0.000000 0.000000 0.000000 0.000000 0.228767 0.000000 0.000000 0.000000 0.000000 0.000000 0.000000 0.000000 0.000000 0.000000 0.000000 0.000000 0.000000 0.000000 0.000000 0.000000 0.000000 0.000000 0.000000 0.000000 0.000000 0.000000 0.000000 0.000000 0.000000 0.000000 0.000000 0.000000 0.000000 0.000000 0.000000 0.000000 0.000000 0.000000 0.000000 0.000000 
0.000000 0.531441 0.590490 0.656100 0.590490 0.656100 0.590490 0.000000 0.478297 0.430467 0.000000 0.000000 0.000000 0.282429 0.254186 0.000000 0.000000 0.000000 0.000000 0.000000 0.000000 0.000000 0.000000 0.000000 0.000000 0.000000 0.000000 0.000000 0.000000 0.000000 0.000000 0.000000 0.000000 0.000000 0.000000 0.000000 0.000000 0.000000 0.000000 0.000000 0.000000 0.000000 0.000000 0.000000 0.000000 0.000000 0.000000 0.000000 0.000000 0.000000 
0.000000 0.478297 0.656100 0.729000 0.531441 0.729000 0.656100 0.590490 0.531441 0.000000 0.430467 0.000000 0.000000 0.313810 0.000000 0.000000 0.000000 0.000000 0.000000 0.000000 0.000000 0.000000 0.000000 0.000000 0.000000 0.000000 0.000000 0.000000 0.000000 0.000000 0.000000 0.000000 0.000000 0.000000 0.000000 0.000000 0.000000 0.000000 0.000000 0.000000 0.000000 0.000000 0.000000 0.000000 0.000000 0.000000 0.000000 0.000000 0.000000 0.000000 
0.000000 0.000000 0.000000 0.810000 0.900000 0.810000 0.729000 0.656100 0.478297 0.000000 0.387420 0.000000 0.000000 0.000000 0.000000 0.000000 0.000000 0.000000 0.000000 0.000000 0.000000 0.000000 0.000000 0.000000 0.000000 0.000000 0.000000 0.000000 0.000000 0.000000 0.000000 0.000000 0.000000 0.000000 0.000000 0.000000 0.000000 0.000000 0.000000 0.000000 0.000000 0.000000 0.000000 0.000000 0.000000 0.000000 0.000000 0.000000 0.000000 0.000000 
0.000000 0.000000 0.000000 0.900000 1.000000 0.900000 0.810000 0.729000 0.000000 0.000000 0.348678 0.000000 0.000000 0.000000 0.000000 0.000000 0.000000 0.000000 0.000000 0.000000 0.000000 0.000000 0.000000 0.000000 0.000000 0.000000 0.000000 0.000000 0.000000 0.000000 0.000000 0.000000 0.000000 0.000000 0.000000 0.000000 0.000000 0.000000 0.000000 0.000000 0.000000 0.000000 0.000000 0.000000 0.000000 0.000000 0.000000 0.000000 0.000000 0.000000 
0.000000 0.000000 0.000000 0.810000 0.000000 0.810000 0.729000 0.656100 0.000000 0.000000 0.000000 0.000000 0.000000 0.000000 0.000000 0.000000 0.000000 0.000000 0.000000 0.000000 0.000000 0.000000 0.000000 0.000000 0.000000 0.000000 0.000000 0.000000 0.000000 0.000000 0.000000 0.000000 0.000000 0.000000 0.000000 0.000000 0.000000 0.000000 0.000000 0.000000 0.000000 0.000000 0.000000 0.000000 0.000000 0.000000 0.000000 0.000000 0.000000 0.000000 
0.000000 0.000000 0.000000 0.000000 0.000000 0.000000 0.000000 0.000000 0.000000 0.000000 0.000000 0.000000 0.000000 0.000000 0.000000 0.000000 0.000000 0.000000 0.000000 0.000000 0.000000 0.000000 0.000000 0.000000 0.000000 0.000000 0.000000 0.000000 0.000000 0.000000 0.000000 0.000000 0.000000 0.000000 0.000000 0.000000 0.000000 0.000000 0.000000 0.000000 0.000000 0.000000 0.000000 0.000000 0.000000 0.000000 0.000000 0.000000 0.000000 0.000000 
