0.000000 0.000000 0.000000 0.000000 0.000000 0.000000 0.000000 0.000000 0.000000 0.000000 0.000000 0.000000 0.000000 0.000000 0.000000 0.000000 0.000000 0.000000 0.000000 0.000000 0.000000 0.000000 0.000000 0.000000 0.000000 0.000000 0.000000 0.000000 0.000000 0.000000 0.000000 0.000000 0.000000 0.000000 0.000000 0.000000 0.000000 0.000000 0.000000 0.000000 0.000000 0.000000 0.000000 0.000000 0.000000 0.000000 0.000000 0.000000 0.000000 0.000000 
0.047101 0.064610 0.000000 0.079766 0.088629 0.098477 0.109419 0.121577 0.135085 0.150094 0.166771 0.185301 0.205890 0.228767 0.254186 0.282429 0.313810 0.348678 0.387420 0.430467 0.478297 0.531441 0.478297 0.430467 0.387420 0.348678 0.313810 0.282429 0.254186 0.228767 0.205890 0.185301 0.166771 0.150095 0.135085 0.121577 0.109419 0.098476 0.088629 0.079766 0.071789 0.064610 0.058149 0.052334 0.047101 0.042391 0.038152 0.034338 0.030903 0.027813 
0.042391 0.047101 0.079766 0.088629 0.098477 0.109419 0.121577 0.135085 0.150095 0.166771 0.185302 0.205890 0.228767 0.254186 0.282429 0.313810 0.348678 0.387421 0.430467 0.478297 0.531441 0.590490 0.531441 0.478297 0.430467 0.387420 0.348678 0.313810 0.282429 0.254186 0.228767 0.205890 0.185301 0.166771 0.150094 0.135085 0.121577 0.109419 0.098477 0.088629 0.079766 0.071789 0.064610 0.058149 0.052334 0.047102 0.042391 0.038153 0.034336 0.030903 
0.058149 0.079766 0.088629 0.098477 0.109419 0.121577 0.135085 0.150094 0.166771 0.185301 0.205890 0.228767 0.254186 0.282429 0.313810 0.348678 0.387420 0.430467 0.478297 0.531441 0.590490 0.656100 0.590490 0.531441 0.478297 0.430467 0.387420 0.348678 0.313811 0.282429 0.254186 0.228767 0.205891 0.185301 0.166771 0.150095 0.135085 0.121577 0.109419 0.098477 0.088629 0.079766 0.071789 0.064610 0.058149 0.052334 0.047101 0.042391 0.038152 0.034337 
0.064610 0.088629 0.098477 0.109419 0.121577 0.135085 0.150094 0.166772 0.185301 0.205890 0.228768 0.254186 0.282429 0.313811 0.348679 0.387420 0.430467 0.478297 0.531441 0.590490 0.656100 0.729000 0.656100 0.590490 0.531441 0.478297 0.430467 0.387420 0.348678 0.313810 0.282429 0.254186 0.228767 0.205890 0.185301 0.166771 0.150095 0.135085 0.121577 0.109419 0.098477 0.088629 0.079766 0.071789 0.064610 0.058149 0.052334 0.047101 0.042391 0.038152 
0.047102 0.098477 0.109419 0.121577 0.135085 0.150094 0.166771 0.185302 0.205890 0.228768 0.254187 0.282429 0.313811 0.348678 0.387420 0.430467 0.478297 0.531441 0.590490 0.656100 0.729000 0.810000 0.729000 0.656100 0.590490 0.531441 0.478297 0.430467 0.387420 0.348679 0.313810 0.282429 0.254187 0.228767 0.205890 0.185301 0.166771 0.150094 0.135085 0.121577 0.109419 0.098477 0.088629 0.079766 0.071789 0.064610 0.058149 0.052335 0.047101 0.042391 
0.052335 0.109419 0.121577 0.135085 0.150094 0.166771 0.185301 0.000000 0.000000 0.000000 0.000000 0.000000 0.000000 0.000000 0.000000 0.000000 0.000000 0.000000 0.000000 0.000000 0.000000 0.000000 0.000000 0.000000 0.000000 0.590490 0.531441 0.478297 0.430467 0.387420 0.348678 0.313810 0.282429 0.254186 0.228767 0.205890 0.185301 0.166771 0.150094 0.135085 0.121577 0.109419 0.098477 0.088629 0.079766 0.071789 0.064610 0.058149 0.052334 0.047101 
0.088629 0.098477 0.109419 0.121577 0.135085 0.150094 0.166771 0.000000 0.000000 0.000000 0.000000 0.000000 0.000000 0.000000 0.000000 0.000000 0.000000 0.000000 0.000000 0.000000 0.000000 0.000000 0.000000 0.000000 0.000000 0.531441 0.478297 0.430467 0.387420 0.348678 0.313810 0.282430 0.254186 0.228767 0.205890 0.185301 0.166771 0.150094 0.135085 0.121577 0.109419 0.098477 0.088629 0.079766 0.071789 0.064609 0.058149 0.052334 0.047100 0.042391 
0.079766 0.088629 0.098477 0.109419 0.121577 0.135085 0.150094 0.000000 0.000000 0.000000 0.000000 0.000000 0.000000 0.000000 0.000000 0.000000 0.000000 0.000000 0.000000 0.000000 0.000000 0.000000 0.000000 0.000000 0.000000 0.478297 0.430467 0.387420 0.348678 0.313811 0.282429 0.254186 0.228767 0.205891 0.185301 0.166771 0.150094 0.135085 0.121577 0.109419 0.098477 0.088629 0.079766 0.071789 0.064610 0.058149 0.052334 0.047101 0.042390 0.038152 
0.071789 0.079766 0.088629 0.098477 0.109418 0.121577 0.135085 0.000000 0.000000 0.000000 0.000000 0.000000 0.000000 0.000000 0.000000 0.000000 0.000000 0.000000 0.000000 0.000000 0.000000 0.000000 0.000000 0.000000 0.000000 0.430467 0.387420 0.348678 0.313811 0.282429 0.254186 0.228767 0.205890 0.185301 0.166771 0.150094 0.135085 0.121577 0.109419 0.098477 0.088629 0.079766 0.071789 0.064610 0.058149 0.052334 0.047101 0.042391 0.038151 0.034337 
0.064610 0.071789 0.079766 0.088629 0.098476 0.109419 0.121577 0.000000 0.000000 0.000000 0.000000 0.000000 0.000000 0.000000 0.000000 0.000000 0.000000 0.000000 0.000000 0.000000 0.000000 0.000000 0.000000 0.000000 0.000000 0.387420 0.000000 0.000000 0.282429 0.254186 0.228767 0.205890 0.185301 0.166771 0.150094 0.135085 0.121577 0.109419 0.098477 0.088629 0.079766 0.071789 0.064610 0.058149 0.052334 0.047101 0.042391 0.038152 0.034337 0.030903 
0.058149 0.064610 0.071789 0.079765 0.088629 0.098477 0.109419 0.000000 0.000000 0.000000 0.000000 0.000000 0.000000 0.000000 0.000000 0.000000 0.000000 0.000000 0.000000 0.000000 0.000000 0.000000 0.000000 0.000000 0.000000 0.348678 0.000000 0.000000 0.254186 0.228767 0.205890 0.185301 0.166771 0.150094 0.135085 0.121577 0.109419 0.098477 0.088629 0.079766 0.071789 0.064610 0.058149 0.052334 0.047101 0.042391 0.038151 0.034337 0.030902 0.027813 
0.052334 0.058149 0.064609 0.071788 0.079766 0.088629 0.098477 0.000000 0.000000 0.000000 0.000000 0.000000 0.000000 0.000000 0.000000 0.000000 0.000000 0.000000 0.000000 0.000000 0.000000 0.000000 0.000000 0.000000 0.000000 0.313810 0.000000 0.000000 0.228767 0.205890 0.000000 0.000000 0.000000 0.000000 0.000000 0.000000 0.000000 0.000000 0.000000 0.000000 0.000000 0.000000 0.000000 0.000000 0.000000 0.000000 0.000000 0.000000 0.027813 0.025031 
0.030903 0.052334 0.058149 0.064610 0.071789 0.079766 0.088629 0.079766 0.071789 0.052334 0.038152 0.000000 0.000000 0.000000 0.000000 0.064610 0.088629 0.121576 0.135085 0.150094 0.166772 0.185302 0.205890 0.228767 0.254187 0.282429 0.000000 0.000000 0.205890 0.185301 0.000000 0.000000 0.000000 0.000000 0.000000 0.000000 0.000000 0.000000 0.000000 0.000000 0.000000 0.000000 0.000000 0.000000 0.000000 0.000000 0.000000 0.000000 0.025031 0.022528 
0.003381 0.047101 0.052334 0.058149 0.064610 0.071789 0.079766 0.071789 0.064610 0.058149 0.034337 0.007070 0.009698 0.000000 0.000000 0.020276 0.098477 0.109419 0.121577 0.135085 0.150095 0.166772 0.185301 0.205890 0.228767 0.254186 0.000000 0.000000 0.185302 0.166771 0.000000 0.000000 0.000000 0.000000 0.000000 0.000000 0.000000 0.000000 0.000000 0.000000 0.000000 0.000000 0.000000 0.000000 0.000000 0.000000 0.000000 0.000000 0.022528 0.020275 
0.038152 0.042391 0.047101 0.052334 0.058149 0.064610 0.071789 0.064610 0.058149 0.042391 0.025032 0.027813 0.025032 0.000000 0.000000 0.022529 0.088628 0.098476 0.109419 0.121577 0.135085 0.150094 0.166771 0.185301 0.205891 0.228767 0.000000 0.000000 0.166771 0.150094 0.000000 0.000000 0.000000 0.000000 0.000000 0.000000 0.000000 0.000000 0.000000 0.000000 0.000000 0.000000 0.000000 0.000000 0.000000 0.000000 0.000000 0.000000 0.020276 0.018248 
0.022529 0.038152 0.042391 0.047101 0.052334 0.058149 0.064610 0.058149 0.052334 0.047101 0.042391 0.025032 0.018248 0.016423 0.018248 0.000000 0.064610 0.088629 0.098477 0.109419 0.121577 0.135084 0.150094 0.166772 0.185302 0.205890 0.000000 0.000000 0.150094 0.135085 0.000000 0.000000 0.000000 0.000000 0.000000 0.000000 0.000000 0.000000 0.000000 0.000000 0.000000 0.000000 0.000000 0.000000 0.000000 0.000000 0.000000 0.000000 0.018248 0.016423 
0.003043 0.034337 0.038152 0.042391 0.047101 0.052334 0.058149 0.052334 0.047101 0.042391 0.038152 0.027813 0.025032 0.022529 0.025032 0.022529 0.047101 0.079766 0.071789 0.079766 0.109419 0.121577 0.135085 0.150095 0.166771 0.185301 0.166772 0.150094 0.135085 0.121577 0.000000 0.000000 0.000000 0.000000 0.000000 0.000000 0.000000 0.000000 0.000000 0.000000 0.000000 0.000000 0.000000 0.000000 0.000000 0.000000 0.000000 0.000000 0.016423 0.014781 
0.002739 0.030903 0.034337 0.038152 0.000000 0.047101 0.052334 0.047101 0.042391 0.038152 0.034337 0.030903 0.027813 0.020275 0.022528 0.025032 0.034336 0.058149 0.064609 0.071789 0.098477 0.109419 0.121577 0.135085 0.150095 0.166771 0.150094 0.135085 0.121576 0.109419 0.000000 0.000000 0.000000 0.000000 0.000000 0.000000 0.000000 0.000000 0.000000 0.000000 0.000000 0.000000 0.000000 0.000000 0.000000 0.000000 0.000000 0.000000 0.014781 0.013303 
0.000000 0.027813 0.030903 0.034337 0.000000 0.042391 0.047101 0.042391 0.038152 0.034337 0.030903 0.027813 0.025032 0.022528 0.025031 0.027812 0.038152 0.042391 0.058149 0.064610 0.088629 0.098477 0.109419 0.121577 0.135085 0.150095 0.135085 0.121576 0.109419 0.098477 0.088629 0.079766 0.071789 0.064611 0.058150 0.052335 0.047101 0.042392 0.038152 0.034337 0.030903 0.027813 0.025031 0.022529 0.020275 0.018248 0.016423 0.014781 0.013303 0.011973 
