0.000000 0.000000 0.000000 0.000000 0.000000 0.000000 0.000000 0.000000 0.000000 0.000000 0.000000 0.000000 0.000000 0.000000 0.000000 0.000000 0.000000 0.000000 0.000000 0.000000 0.000000 0.000000 0.000000 0.000000 0.000000 0.000000 0.000000 0.000000 0.000000 0.000000 0.000000 0.000000 0.000000 0.000000 0.000000 0.000000 0.000000 0.000000 0.000000 0.000000 0.000000 0.000000 0.000000 0.000000 0.000000 0.000000 0.000000 0.000000 0.000000 0.000000 
0.020276 0.022529 0.025031 0.027813 0.030903 0.034337 0.038152 0.042391 0.000000 0.000000 0.000000 0.000000 0.000000 0.000000 0.000000 0.000000 0.000000 0.000000 0.000000 0.000000 0.000000 0.000000 0.000000 0.000000 0.000000 0.000000 0.000000 0.000000 0.000000 0.000000 0.000000 0.000000 0.000000 0.000000 0.000000 0.000000 0.000000 0.000000 0.000000 0.098477 0.109419 0.079766 0.088629 0.079766 0.058149 0.064610 0.058149 0.052334 0.000000 0.000000 
0.022529 0.025032 0.027813 0.030904 0.034337 0.038152 0.042391 0.047101 0.042391 0.038152 0.034337 0.030903 0.027814 0.025033 0.022529 0.020276 0.018248 0.016423 0.014781 0.016423 0.014781 0.020276 0.022529 0.025032 0.027813 0.030903 0.034337 0.038152 0.042391 0.047101 0.052334 0.058149 0.064610 0.071789 0.079766 0.088629 0.098477 0.109419 0.121577 0.109419 0.121577 0.109419 0.098477 0.088629 0.079766 0.071789 0.064610 0.030903 0.000000 0.000000 
0.025032 0.027813 0.030903 0.034337 0.038152 0.042391 0.047101 0.052334 0.047101 0.042391 0.038152 0.034338 0.030904 0.027814 0.025033 0.022529 0.020276 0.018248 0.016424 0.014781 0.016423 0.018248 0.020276 0.027813 0.008729 0.034337 0.038152 0.011973 0.047101 0.052334 0.058149 0.064610 0.020275 0.022528 0.088629 0.098477 0.109419 0.121577 0.135085 0.150094 0.109419 0.121577 0.109419 0.098477 0.088629 0.079766 0.071789 0.064610 0.000000 0.000000 
0.027812 0.030903 0.034337 0.038152 0.042391 0.047101 0.052334 0.058149 0.000000 0.000000 0.000000 0.000000 0.000000 0.000000 0.000000 0.000000 0.000000 0.000000 0.000000 0.000000 0.000000 0.000000 0.000000 0.000000 0.000000 0.000000 0.000000 0.000000 0.000000 0.000000 0.000000 0.000000 0.000000 0.000000 0.000000 0.000000 0.000000 0.000000 0.000000 0.071789 0.150094 0.135085 0.098477 0.088629 0.052335 0.088629 0.064610 0.038153 0.000000 0.000000 
0.030903 0.034337 0.038152 0.042391 0.047101 0.052334 0.058149 0.064610 0.000000 0.000000 0.000000 0.000000 0.000000 0.000000 0.000000 0.000000 0.000000 0.000000 0.000000 0.000000 0.000000 0.000000 0.000000 0.000000 0.000000 0.000000 0.000000 0.000000 0.000000 0.000000 0.000000 0.000000 0.000000 0.000000 0.000000 0.000000 0.000000 0.000000 0.000000 0.185302 0.166772 0.150094 0.135085 0.098477 0.088629 0.098477 0.071789 0.042392 0.000000 0.000000 
0.034337 0.038152 0.042391 0.047102 0.052334 0.058150 0.064610 0.071789 0.000000 0.000000 0.000000 0.000000 0.000000 0.000000 0.000000 0.000000 0.000000 0.000000 0.000000 0.000000 0.000000 0.000000 0.000000 0.000000 0.000000 0.000000 0.000000 0.000000 0.000000 0.000000 0.000000 0.000000 0.000000 0.000000 0.000000 0.000000 0.000000 0.000000 0.000000 0.205890 0.185302 0.166771 0.150095 0.088629 0.121577 0.058149 0.052334 0.047102 0.000000 0.000000 
0.038152 0.042392 0.047102 0.052334 0.058149 0.064610 0.071789 0.079766 0.000000 0.000000 0.000000 0.000000 0.000000 0.000000 0.000000 0.000000 0.000000 0.000000 0.000000 0.000000 0.000000 0.000000 0.000000 0.000000 0.000000 0.000000 0.000000 0.000000 0.000000 0.000000 0.000000 0.000000 0.000000 0.000000 0.000000 0.000000 0.000000 0.000000 0.000000 0.228767 0.205891 0.185302 0.166772 0.150095 0.135085 0.064610 0.058149 0.052335 0.000000 0.000000 
0.042392 0.047102 0.052335 0.058150 0.064611 0.071789 0.079766 0.088629 0.098477 0.109419 0.121577 0.135085 0.150094 0.166771 0.185301 0.205890 0.228767 0.254186 0.282429 0.313810 0.348678 0.387420 0.430467 0.478297 0.531441 0.590490 0.656100 0.729000 0.810000 0.729000 0.656100 0.590490 0.531441 0.478297 0.430467 0.387420 0.348678 0.313810 0.282429 0.254186 0.228767 0.205890 0.185302 0.166771 0.121577 0.071789 0.064610 0.047101 0.000000 0.000000 
0.047102 0.052335 0.058149 0.064611 0.071789 0.079766 0.088629 0.098477 0.000000 0.000000 0.000000 0.000000 0.000000 0.000000 0.000000 0.000000 0.000000 0.000000 0.000000 0.000000 0.000000 0.000000 0.000000 0.000000 0.000000 0.000000 0.000000 0.000000 0.000000 0.000000 0.000000 0.000000 0.000000 0.000000 0.000000 0.000000 0.000000 0.000000 0.000000 0.282429 0.254186 0.228767 0.205890 0.150094 0.166772 0.079767 0.071789 0.064611 0.000000 0.000000 
0.042392 0.047102 0.052335 0.058150 0.064610 0.071789 0.079766 0.088629 0.000000 0.000000 0.000000 0.000000 0.000000 0.000000 0.000000 0.000000 0.000000 0.000000 0.000000 0.000000 0.000000 0.000000 0.000000 0.000000 0.000000 0.000000 0.000000 0.000000 0.000000 0.000000 0.000000 0.000000 0.000000 0.000000 0.000000 0.000000 0.000000 0.000000 0.000000 0.254186 0.228767 0.205890 0.185301 0.166771 0.121577 0.071789 0.079766 0.047101 0.000000 0.000000 
0.038152 0.042392 0.047102 0.052334 0.058149 0.064610 0.071789 0.079766 0.000000 0.000000 0.000000 0.000000 0.000000 0.000000 0.000000 0.000000 0.000000 0.000000 0.000000 0.000000 0.000000 0.000000 0.000000 0.000000 0.000000 0.000000 0.000000 0.000000 0.000000 0.000000 0.000000 0.000000 0.000000 0.000000 0.000000 0.000000 0.000000 0.000000 0.000000 0.228767 0.205890 0.185301 0.166771 0.150094 0.088629 0.064611 0.071790 0.052334 0.025032 0.027813 
0.034337 0.038153 0.042391 0.047101 0.052334 0.058149 0.064610 0.071789 0.000000 0.000000 0.000000 0.000000 0.000000 0.000000 0.000000 0.000000 0.000000 0.000000 0.000000 0.000000 0.000000 0.000000 0.000000 0.000000 0.000000 0.000000 0.000000 0.000000 0.000000 0.000000 0.000000 0.000000 0.000000 0.000000 0.000000 0.000000 0.000000 0.000000 0.000000 0.205890 0.185301 0.166771 0.121577 0.135085 0.098477 0.038152 0.034336 0.047101 0.034337 0.025032 
0.030903 0.034337 0.038152 0.042392 0.047102 0.052335 0.058150 0.064610 0.058149 0.052335 0.047102 0.042392 0.038153 0.034337 0.030904 0.027813 0.025032 0.022528 0.020275 0.018248 0.016423 0.014781 0.013303 0.014782 0.016424 0.018249 0.020277 0.042391 0.025032 0.052334 0.030904 0.034337 0.071789 0.042391 0.058149 0.098477 0.071789 0.079766 0.166771 0.185301 0.166771 0.150094 0.135085 0.121577 0.058150 0.042391 0.030903 0.042391 0.020276 0.022529 
0.027813 0.030904 0.034337 0.038152 0.042391 0.047102 0.052335 0.058149 0.000000 0.000000 0.000000 0.000000 0.000000 0.000000 0.000000 0.000000 0.000000 0.000000 0.000000 0.000000 0.000000 0.000000 0.000000 0.000000 0.000000 0.000000 0.000000 0.000000 0.000000 0.000000 0.000000 0.000000 0.000000 0.000000 0.000000 0.000000 0.000000 0.000000 0.000000 0.166771 0.150094 0.135085 0.098477 0.109419 0.052334 0.047101 0.022529 0.020276 0.018248 0.000000 
0.025032 0.027814 0.030904 0.034338 0.038152 0.042391 0.047101 0.052334 0.000000 0.000000 0.000000 0.000000 0.000000 0.000000 0.000000 0.000000 0.000000 0.000000 0.000000 0.000000 0.000000 0.000000 0.000000 0.000000 0.000000 0.000000 0.000000 0.000000 0.000000 0.000000 0.000000 0.000000 0.000000 0.000000 0.000000 0.000000 0.000000 0.000000 0.000000 0.150094 0.135085 0.121577 0.088629 0.052334 0.071790 0.022529 0.020275 0.000000 0.000000 0.000000 
0.022528 0.025033 0.027813 0.030903 0.034337 0.038152 0.042391 0.047102 0.000000 0.000000 0.000000 0.000000 0.000000 0.000000 0.000000 0.000000 0.000000 0.000000 0.000000 0.000000 0.000000 0.000000 0.000000 0.000000 0.000000 0.000000 0.000000 0.000000 0.000000 0.000000 0.000000 0.000000 0.000000 0.000000 0.000000 0.000000 0.000000 0.000000 0.000000 0.135085 0.121577 0.071789 0.079766 0.047101 0.042391 0.030903 0.027813 0.000000 0.014781 0.013303 
0.020276 0.022529 0.025033 0.027813 0.030903 0.034337 0.038152 0.042391 0.000000 0.000000 0.000000 0.000000 0.000000 0.000000 0.000000 0.000000 0.000000 0.000000 0.000000 0.000000 0.000000 0.000000 0.000000 0.000000 0.000000 0.000000 0.000000 0.000000 0.000000 0.000000 0.000000 0.000000 0.000000 0.000000 0.000000 0.000000 0.000000 0.000000 0.000000 0.121577 0.109419 0.064610 0.058149 0.052334 0.047101 0.042391 0.038152 0.000000 0.030903 0.027813 
0.018248 0.020276 0.022530 0.025031 0.027813 0.030903 0.034337 0.038152 0.034336 0.030902 0.027812 0.025031 0.022528 0.020275 0.018248 0.016423 0.014781 0.013303 0.011973 0.010776 0.009698 0.008729 0.007856 0.007069 0.007854 0.008729 0.009698 0.010777 0.011973 0.013304 0.034337 0.016423 0.042391 0.047101 0.027813 0.071789 0.079766 0.088629 0.098477 0.109419 0.098477 0.088629 0.064610 0.058149 0.052334 0.047101 0.042391 0.000000 0.014781 0.025032 
0.016424 0.018248 0.020276 0.022529 0.025032 0.027813 0.030903 0.034337 0.000000 0.000000 0.000000 0.000000 0.000000 0.000000 0.000000 0.000000 0.000000 0.000000 0.000000 0.000000 0.000000 0.000000 0.000000 0.000000 0.000000 0.000000 0.000000 0.000000 0.000000 0.000000 0.000000 0.000000 0.000000 0.000000 0.000000 0.000000 0.000000 0.000000 0.000000 0.098477 0.088629 0.079766 0.071789 0.064610 0.058149 0.052334 0.047101 0.007855 0.008728 0.018248 
